 C9H20            Molecular weight =128.258

 Heat of formation at 298K =  -58.708 (kcal/mol)

 B =   0.053 cm?1     Symmetric number =  1

 Internal rotation
 ===================================================
  No      Br       sigma    dim      Vr(kcal/mol)
 ===================================================


 Vibrational Frequencies (cm^-1)
 -------------------------------
         27.
         56.
         96.
        104.
        130.
        222.
        224.
        235.
        237.
        256.
        259.
        369.
        373.
        417.
        421.
        465.
        503.
        740.
        792.
        839.
        841.
        929.
        930.
        941.
        947.
        964.
        965.
        992.
       1030.
       1056.
       1065.
       1116.
       1163.
       1189.
       1192.
       1199.
       1235.
       1271.
       1306.
       1328.
       1333.
       1358.
       1368.
       1372.
       1387.
       1397.
       1403.
       1405.
       1421.
       1423.
       1481.
       1483.
       1491.
       1492.
       1497.
       1497.
       1506.
       1507.
       1508.
       1513.
       1515.
       2983.
       2985.
       2991.
       2991.
       3003.
       3013.
       3013.
       3018.
       3019.
       3023.
       3023.
       3063.
       3071.
       3071.
       3078.
       3078.
       3082.
       3083.
       3091.
       3093.
 -------------------------------


1
   T(K)       Cp(cal/mol/K)   S(cal/mol/K)  [H(T)-H(298K)](kcal/mol)
 -----------------------------------------------------------------
   50.00          0.000          0.000            -7.993
  100.00         22.594         72.770            -6.901
  200.00         34.807         92.364            -4.005
  298.15         47.194        108.493             0.000
  300.00         47.448        108.785             0.088
  350.00         54.469        116.624             2.635
  400.00         61.529        124.360             5.535
  450.00         68.354        132.004             8.784
  500.00         74.794        139.543            12.364
  500.00         74.794        139.543            12.364
  550.00         80.792        146.956            16.256
  600.00         86.347        154.227            20.436
  650.00         91.485        161.344            24.883
  700.00         96.240        168.300            29.578
  750.00        100.646        175.093            34.502
  800.00        104.736        181.720            39.637
  850.00        108.535        188.185            44.970
  900.00        112.069        194.490            50.486
  950.00        115.357        200.639            56.173
 1000.00        118.417        206.634            62.018
 1100.00        123.921        218.185            74.142
 1200.00        128.697        229.177            86.778
 1300.00        132.845        239.646            99.860
 1400.00        136.455        249.626           113.329
 1500.00        139.603        259.150           127.136
 1600.00        142.354        268.250           141.237
 1700.00        144.766        276.954           155.595
 1800.00        146.888        285.290           170.180
 1900.00        148.759        293.283           184.965
 2000.00        150.415        300.956           199.925
 2100.00        151.886        308.331           215.041
 2200.00        153.197        315.428           230.297
 2300.00        154.368        322.264           245.676
 2400.00        155.419        328.857           261.166
 2500.00        156.364        335.221           276.756
 2600.00        157.217        341.370           292.436
 2700.00        157.988        347.318           308.197
 2800.00        158.688        353.077           324.031
 2900.00        159.324        358.657           339.932
 3000.00        159.904        364.068           355.894
 -----------------------------------------------------------------
1
 High temperature

     Input value
     ------------


 No.Points =   20    Gas constant=      1.9871     Enthalpy of formation=   -58.7083



 Cpo at To=       118.417     H-H298 at To=     62018.301     Sto at To=       206.634






     TEMP.          H-H298          Pred/Correct          Sto          Pred/Correct          Cpo          Pred/Correct
     -----          ------          ------------          ---          ------------          ---          ------------

       1100.0      74141.7188             0.9998          218.1851           0.9999          123.9207           0.9980
       1200.0      86778.2031             0.9995          229.1772           0.9998          128.6965           0.9975
       1300.0      99860.1406             0.9993          239.6461           0.9997          132.8454           0.9979
       1400.0     113329.3281             0.9991          249.6262           0.9997          136.4553           0.9987
       1500.0     127135.8047             0.9991          259.1505           0.9997          139.6029           0.9996
       1600.0     141236.7188             0.9992          268.2500           0.9997          142.3544           1.0005
       1700.0     155595.3750             0.9994          276.9542           0.9997          144.7664           1.0012
       1800.0     170180.3281             0.9996          285.2901           0.9998          146.8875           1.0016
       1900.0     184964.5469             0.9997          293.2831           0.9998          148.7588           1.0018
       2000.0     199924.9063             0.9999          300.9564           0.9999          150.4152           1.0017
       2100.0     215041.4063             1.0000          308.3315           0.9999          151.8862           1.0013
       2200.0     230296.7969             1.0001          315.4280           0.9999          153.1968           1.0008
       2300.0     245676.1406             1.0001          322.2642           0.9999          154.3685           1.0002
       2400.0     261166.4844             1.0001          328.8567           0.9999          155.4191           0.9996
       2500.0     276756.4375             1.0000          335.2207           0.9999          156.3641           0.9990
       2600.0     292436.1875             1.0000          341.3703           0.9999          157.2166           0.9987
       2700.0     308197.0625             0.9999          347.3184           0.9999          157.9879           0.9987
       2800.0     324031.3750             0.9999          353.0769           0.9999          158.6876           0.9992
       2900.0     339932.4688             0.9998          358.6567           0.9999          159.3240           1.0001
       3000.0     355894.3125             0.9999          364.0680           0.9999          159.9043           1.0018
     -----------------------------------------------------------------------------------------------------------------




     Least square coefficients
     -------------------------
     A(1)=  0.13051732E+02

     A(2)=  0.68916403E-01

     A(3)= -0.26296450E-04

     A(4)=  0.40744195E-08

     A(5)= -0.15465699E-12

     A6=-0.38066422E+05

     A7=-0.43260498E+02

     Lambdao= 0.46389410E+00

     Lambda1= 0.15423489E+00

     Lambda2= 0.47021165E+00


     -----------------------------------------------------------------------------------------------------------------
     NER= 1
     -----------------------------------------------------------------------------------------------------------------
1
     1100. K to     3000. K
 0.13051732E+02 0.68916403E-01-0.26296450E-04 0.40744195E-08-0.15465699E-12
-0.38066422E+05-0.43260498E+02
                               0.13051732E+02 0.68916403E-01-0.26296450E-04
 0.40744195E-08-0.15465699E-12-0.38066422E+05-0.43260498E+02



 Low temperature


     Input value
     ------------


 No.Points =   15    Gas constant=      1.9871     Enthalpy of formation=   -58.7083



 Cpo at To=       118.417     H-H298 at To=     62018.301     Sto at To=       206.634






     TEMP.          H-H298          Pred/Correct          Sto          Pred/Correct          Cpo          Pred/Correct
     -----          ------          ------------          ---          ------------          ---          ------------

        300.0         87.5442             0.9393          108.7852           0.9998           47.4484           0.9968
        350.0       2634.6077             0.9986          116.6240           0.9999           54.4693           1.0026
        400.0       5535.0620             1.0007          124.3595           1.0000           61.5288           1.0020
        450.0       8783.5146             1.0008          132.0039           1.0001           68.3542           1.0002
        500.0      12364.0049             1.0005          139.5428           1.0001           74.7942           0.9992
        500.0      12364.0049             1.0005          139.5428           1.0001           74.7942           0.9992
        550.0      16255.5410             1.0001          146.9563           1.0000           80.7923           0.9990
        600.0      20435.8359             0.9999          154.2274           1.0000           86.3474           0.9995
        650.0      24883.3164             0.9999          161.3445           1.0000           91.4851           1.0001
        700.0      29577.9648             1.0000          168.3005           1.0000           96.2399           1.0005
        750.0      34501.5039             1.0001          175.0925           1.0000          100.6464           1.0006
        800.0      39637.3203             1.0001          181.7203           1.0000          104.7358           1.0004
        850.0      44970.2539             1.0001          188.1853           1.0000          108.5354           1.0000
        900.0      50486.4258             1.0001          194.4902           1.0000          112.0688           0.9996
        950.0      56173.0469             1.0000          200.6386           1.0000          115.3566           0.9994
     -----------------------------------------------------------------------------------------------------------------




     Least square coefficients
     -------------------------
     A(1)=  0.70249987E+00

     A(2)=  0.73728055E-01

     A(3)=  0.32081029E-04

     A(4)= -0.80754397E-07

     A(5)=  0.33834265E-10

     A6=-0.33172762E+05

     A7= 0.27823627E+02

     Lambdao= 0.28067984E-01

     Lambda1=-0.21605328E-01

     Lambda2=-0.76674633E-02


     -----------------------------------------------------------------------------------------------------------------
     NER= 1
     -----------------------------------------------------------------------------------------------------------------
1
      300. K to      950. K
 0.70249987E+00 0.73728055E-01 0.32081029E-04-0.80754397E-07 0.33834265E-10
-0.33172762E+05 0.27823627E+02
                               0.70249987E+00 0.73728055E-01 0.32081029E-04
-0.80754397E-07 0.33834265E-10-0.33172762E+05 0.27823627E+02
