C9H20         N        (N for nonlinear, L for linear)
29 128.258          Number of atoms, molecular weight
-58.7083312221				Enthalpy of formation at the standard state!kcal
0.052782111 1    Rotational constat (cm-1), symmetry number
1         Statistical weight
0         Number of internal rotor, Br, sigma, dim, vr 
26.8661
56.3686
95.7965
104.0233
130.155
221.7227
224.4043
235.229
237.0654
255.7953
258.7037
369.0897
373.4754
417.0092
420.5256
464.8638
503.3729
740.3305
791.6823
839.1879
841.1577
929.3105
929.9019
941.0359
946.8082
963.8036
965.4327
992.319
1029.6333
1055.6028
1064.7402
1115.5004
1162.9868
1189.0726
1191.9261
1198.976
1235.199
1271.2308
1305.6528
1328.4607
1332.9372
1358.296
1368.3577
1372.416
1387.3988
1397.2738
1402.9773
1404.5499
1421.486
1422.9995
1481.1677
1482.677
1491.4854
1492.0317
1497.2852
1497.3941
1506.4952
1506.6774
1507.8938
1512.5975
1514.7823
2983.1663
2984.8393
2991.0535
2991.3628
3003.4722
3012.5003
3012.6427
3018.1767
3018.5807
3023.2638
3023.2939
3062.6307
3071.2191
3071.3881
3077.685
3078.2087
3082.1806
3082.5767
3091.3672
3093.3676
