 C9H18O           Molecular weight =159.249

 Heat of formation at 298K =  -89.485 (kcal/mol)

 B =   0.044 cm?1     Symmetric number =  1

 Internal rotation
 ===================================================
  No      Br       sigma    dim      Vr(kcal/mol)
 ===================================================


 Vibrational Frequencies (cm^-1)
 -------------------------------
        117.
        134.
        196.
        239.
        253.
        254.
        284.
        284.
        312.
        316.
        350.
        402.
        410.
        458.
        469.
        492.
        503.
        588.
        695.
        763.
        827.
        864.
        878.
        922.
        927.
        928.
        958.
        976.
        997.
       1006.
       1017.
       1064.
       1065.
       1103.
       1141.
       1204.
       1224.
       1233.
       1250.
       1266.
       1268.
       1322.
       1370.
       1382.
       1382.
       1394.
       1400.
       1413.
       1419.
       1472.
       1478.
       1483.
       1488.
       1490.
       1495.
       1497.
       1503.
       1507.
       1512.
       1522.
       3016.
       3017.
       3026.
       3030.
       3031.
       3037.
       3040.
       3055.
       3058.
       3067.
       3095.
       3097.
       3103.
       3105.
       3109.
       3110.
       3114.
       3127.
 -------------------------------


1
   T(K)       Cp(cal/mol/K)   S(cal/mol/K)  [H(T)-H(298K)](kcal/mol)
 -----------------------------------------------------------------
   50.00          0.000          0.000            -7.136
  100.00         17.545         65.967            -6.433
  200.00         32.672         82.934            -3.899
  298.15         46.910         98.606             0.000
  300.00         47.186         98.897             0.087
  350.00         54.616        106.730             2.632
  400.00         61.847        114.498             5.545
  450.00         68.681        122.182             8.810
  500.00         75.023        129.751            12.405
  500.00         75.023        129.751            12.405
  550.00         80.854        137.179            16.304
  600.00         86.200        144.447            20.482
  650.00         91.102        151.543            24.917
  700.00         95.608        158.461            29.586
  750.00         99.759        165.201            34.472
  800.00        103.595        171.764            39.557
  850.00        107.145        178.152            44.826
  900.00        110.437        184.370            50.267
  950.00        113.493        190.424            55.866
 1000.00        116.332        196.319            61.613
 1100.00        121.427        207.651            73.507
 1200.00        125.841        218.411            85.875
 1300.00        129.670        228.638            98.656
 1400.00        133.000        238.373           111.793
 1500.00        135.903        247.650           125.241
 1600.00        138.440        256.504           138.961
 1700.00        140.664        264.965           152.919
 1800.00        142.620        273.061           167.085
 1900.00        144.345        280.820           181.435
 2000.00        145.873        288.263           195.948
 2100.00        147.229        295.414           210.604
 2200.00        148.438        302.291           225.389
 2300.00        149.519        308.914           240.287
 2400.00        150.489        315.298           255.289
 2500.00        151.361        321.460           270.382
 2600.00        152.147        327.412           285.558
 2700.00        152.859        333.167           300.809
 2800.00        153.505        338.738           316.128
 2900.00        154.092        344.135           331.508
 3000.00        154.628        349.368           346.944
 -----------------------------------------------------------------
1
 High temperature

     Input value
     ------------


 No.Points =   20    Gas constant=      1.9871     Enthalpy of formation=   -89.4847



 Cpo at To=       116.332     H-H298 at To=     61612.676     Sto at To=       196.319






     TEMP.          H-H298          Pred/Correct          Sto          Pred/Correct          Cpo          Pred/Correct
     -----          ------          ------------          ---          ------------          ---          ------------

       1100.0      73506.8047             0.9998          207.6514           0.9999          121.4275           0.9980
       1200.0      85875.4609             0.9995          218.4107           0.9998          125.8407           0.9976
       1300.0      98655.5078             0.9993          228.6382           0.9997          129.6704           0.9979
       1400.0     111792.8984             0.9992          238.3725           0.9997          133.0005           0.9987
       1500.0     125241.3672             0.9992          247.6499           0.9997          135.9031           0.9997
       1600.0     138961.3281             0.9993          256.5036           0.9997          138.4400           1.0005
       1700.0     152918.9375             0.9994          264.9647           0.9997          140.6639           1.0012
       1800.0     167085.1875             0.9996          273.0614           0.9998          142.6196           1.0016
       1900.0     181435.2031             0.9998          280.8196           0.9998          144.3451           1.0018
       2000.0     195947.6094             0.9999          288.2632           0.9999          145.8726           1.0017
       2100.0     210604.0313             1.0000          295.4138           0.9999          147.2293           1.0013
       2200.0     225388.5625             1.0001          302.2914           0.9999          148.4383           1.0008
       2300.0     240287.4375             1.0001          308.9140           0.9999          149.5192           1.0002
       2400.0     255288.7031             1.0001          315.2983           0.9999          150.4885           0.9995
       2500.0     270381.9063             1.0000          321.4595           0.9999          151.3605           0.9990
       2600.0     285557.9375             1.0000          327.4116           0.9999          152.1472           0.9987
       2700.0     300808.8438             0.9999          333.1672           0.9999          152.8591           0.9987
       2800.0     316127.5625             0.9999          338.7382           0.9999          153.5049           0.9991
       2900.0     331507.8750             0.9998          344.1353           0.9999          154.0924           1.0002
       3000.0     346944.3125             0.9999          349.3685           0.9999          154.6281           1.0019
     -----------------------------------------------------------------------------------------------------------------




     Least square coefficients
     -------------------------
     A(1)=  0.15754946E+02

     A(2)=  0.63126914E-01

     A(3)= -0.23790160E-04

     A(4)=  0.35659862E-08

     A(5)= -0.11540569E-12

     A6=-0.54282914E+05

     A7=-0.62428696E+02

     Lambdao= 0.44259217E+00

     Lambda1= 0.14799565E+00

     Lambda2= 0.45138913E+00


     -----------------------------------------------------------------------------------------------------------------
     NER= 1
     -----------------------------------------------------------------------------------------------------------------
1
     1100. K to     3000. K
 0.15754946E+02 0.63126914E-01-0.23790160E-04 0.35659862E-08-0.11540569E-12
-0.54282914E+05-0.62428696E+02
                               0.15754946E+02 0.63126914E-01-0.23790160E-04
 0.35659862E-08-0.11540569E-12-0.54282914E+05-0.62428696E+02



 Low temperature


     Input value
     ------------


 No.Points =   15    Gas constant=      1.9871     Enthalpy of formation=   -89.4847



 Cpo at To=       116.332     H-H298 at To=     61612.676     Sto at To=       196.319






     TEMP.          H-H298          Pred/Correct          Sto          Pred/Correct          Cpo          Pred/Correct
     -----          ------          ------------          ---          ------------          ---          ------------

        300.0         87.0390             0.9754           98.8973           0.9999           47.1857           0.9987
        350.0       2632.3882             1.0001          106.7299           0.9999           54.6163           1.0019
        400.0       5545.2920             1.0009          114.4985           1.0001           61.8469           1.0009
        450.0       8810.4141             1.0006          122.1821           1.0001           68.6810           0.9996
        500.0      12405.1504             1.0002          129.7511           1.0000           75.0230           0.9991
        500.0      12405.1504             1.0002          129.7511           1.0000           75.0230           0.9991
        550.0      16304.1797             1.0000          137.1790           1.0000           80.8543           0.9993
        600.0      20482.4707             0.9999          144.4468           1.0000           86.1996           1.0000
        650.0      24916.7617             1.0000          151.5429           1.0000           91.1019           1.0006
        700.0      29586.0547             1.0001          158.4614           1.0000           95.6076           1.0009
        750.0      34471.6250             1.0002          165.2012           1.0000           99.7595           1.0008
        800.0      39556.7344             1.0003          171.7635           1.0001          103.5950           1.0003
        850.0      44826.3750             1.0002          178.1519           1.0001          107.1454           0.9998
        900.0      50266.9727             1.0001          184.3705           1.0000          110.4373           0.9993
        950.0      55866.1758             1.0001          190.4244           1.0000          113.4931           0.9992
     -----------------------------------------------------------------------------------------------------------------




     Least square coefficients
     -------------------------
     A(1)= -0.23897617E+01

     A(2)=  0.91907181E-01

     A(3)= -0.13706835E-05

     A(4)= -0.58419211E-07

     A(5)=  0.28814749E-10

     A6=-0.48291230E+05

     A7= 0.36349663E+02

     Lambdao= 0.54100439E-01

     Lambda1=-0.57122469E-01

     Lambda2=-0.15592091E-01


     -----------------------------------------------------------------------------------------------------------------
     NER= 1
     -----------------------------------------------------------------------------------------------------------------
1
      300. K to      950. K
-0.23897617E+01 0.91907181E-01-0.13706835E-05-0.58419211E-07 0.28814749E-10
-0.48291230E+05 0.36349663E+02
                              -0.23897617E+01 0.91907181E-01-0.13706835E-05
-0.58419211E-07 0.28814749E-10-0.48291230E+05 0.36349663E+02
