 C9H19O2          Molecular weight =159.249

 Heat of formation at 298K =  -31.354 (kcal/mol)

 B =   0.029 cm?1     Symmetric number =  1

 Internal rotation
 ===================================================
  No      Br       sigma    dim      Vr(kcal/mol)
 ===================================================


 Vibrational Frequencies (cm^-1)
 -------------------------------
         43.
         57.
         58.
         99.
        128.
        139.
        148.
        215.
        217.
        226.
        242.
        248.
        283.
        292.
        315.
        356.
        399.
        421.
        423.
        460.
        502.
        553.
        584.
        753.
        827.
        863.
        880.
        925.
        933.
        938.
        948.
        963.
        967.
       1005.
       1020.
       1046.
       1068.
       1124.
       1140.
       1159.
       1186.
       1194.
       1235.
       1272.
       1307.
       1320.
       1332.
       1349.
       1359.
       1364.
       1374.
       1388.
       1396.
       1402.
       1406.
       1423.
       1461.
       1478.
       1493.
       1493.
       1497.
       1501.
       1505.
       1508.
       1527.
       2985.
       2999.
       3003.
       3017.
       3018.
       3021.
       3025.
       3038.
       3061.
       3078.
       3081.
       3084.
       3088.
       3092.
       3093.
       3097.
       3122.
       3223.
       3772.
 -------------------------------


1
   T(K)       Cp(cal/mol/K)   S(cal/mol/K)  [H(T)-H(298K)](kcal/mol)
 -----------------------------------------------------------------
   50.00          0.000          0.000            -9.570
  100.00         26.664         77.292            -8.314
  200.00         42.229        100.845            -4.827
  298.15         56.301        120.295             0.000
  300.00         56.575        120.644             0.104
  350.00         64.010        129.923             3.119
  400.00         71.281        138.949             6.503
  450.00         78.173        147.747            10.241
  500.00         84.579        156.319            14.312
  500.00         84.579        156.319            14.312
  550.00         90.473        164.661            18.690
  600.00         95.879        172.768            23.351
  650.00        100.841        180.641            28.271
  700.00        105.404        188.284            33.428
  750.00        109.614        195.701            38.805
  800.00        113.506        202.901            44.385
  850.00        117.114        209.892            50.151
  900.00        120.464        216.682            56.092
  950.00        123.578        223.280            62.194
 1000.00        126.475        229.693            68.446
 1100.00        131.686        241.998            81.360
 1200.00        136.212        253.655            94.760
 1300.00        140.151        264.717           108.583
 1400.00        143.584        275.231           122.773
 1500.00        146.583        285.242           137.285
 1600.00        149.210        294.788           152.078
 1700.00        151.517        303.905           167.117
 1800.00        153.549        312.624           182.372
 1900.00        155.345        320.975           197.818
 2000.00        156.936        328.985           213.434
 2100.00        158.352        336.676           229.200
 2200.00        159.614        344.073           245.099
 2300.00        160.744        351.193           261.118
 2400.00        161.758        358.056           277.244
 2500.00        162.671        364.678           293.467
 2600.00        163.496        371.075           309.776
 2700.00        164.242        377.259           326.163
 2800.00        164.920        383.245           342.622
 2900.00        165.536        389.043           359.145
 3000.00        166.099        394.665           375.727
 -----------------------------------------------------------------
1
 High temperature

     Input value
     ------------


 No.Points =   20    Gas constant=      1.9871     Enthalpy of formation=   -31.3544



 Cpo at To=       126.475     H-H298 at To=     68445.805     Sto at To=       229.693






     TEMP.          H-H298          Pred/Correct          Sto          Pred/Correct          Cpo          Pred/Correct
     -----          ------          ------------          ---          ------------          ---          ------------

       1100.0      81360.0000             0.9999          241.9979           1.0000          131.6858           0.9986
       1200.0      94760.1719             0.9996          253.6547           0.9999          136.2122           0.9982
       1300.0     108582.8516             0.9995          264.7167           0.9998          140.1507           0.9985
       1400.0     122773.4766             0.9994          275.2315           0.9998          143.5839           0.9991
       1500.0     137285.1719             0.9994          285.2423           0.9998          146.5832           0.9998
       1600.0     152077.7188             0.9995          294.7883           0.9998          149.2100           1.0004
       1700.0     167116.5313             0.9996          303.9048           0.9998          151.5170           1.0009
       1800.0     182371.9531             0.9997          312.6240           0.9998          153.5491           1.0012
       1900.0     197818.4688             0.9998          320.9751           0.9999          155.3447           1.0013
       2000.0     213434.0781             0.9999          328.9845           0.9999          156.9363           1.0012
       2100.0     229199.8750             1.0000          336.6764           0.9999          158.3516           1.0009
       2200.0     245099.3281             1.0001          344.0726           1.0000          159.6142           1.0005
       2300.0     261118.2813             1.0001          351.1931           1.0000          160.7441           1.0001
       2400.0     277244.2813             1.0001          358.0561           1.0000          161.7583           0.9996
       2500.0     293466.5625             1.0000          364.6782           1.0000          162.6713           0.9993
       2600.0     309775.5938             1.0000          371.0746           0.9999          163.4957           0.9991
       2700.0     326163.0938             0.9999          377.2592           0.9999          164.2420           0.9991
       2800.0     342621.7188             0.9999          383.2448           0.9999          164.9196           0.9994
       2900.0     359144.9688             0.9999          389.0430           0.9999          165.5362           1.0001
       3000.0     375727.1563             0.9999          394.6645           0.9999          166.0989           1.0013
     -----------------------------------------------------------------------------------------------------------------




     Least square coefficients
     -------------------------
     A(1)=  0.17847416E+02

     A(2)=  0.69411270E-01

     A(3)= -0.28455817E-04

     A(4)=  0.51594995E-08

     A(5)= -0.31595229E-12

     A6=-0.25628828E+05

     A7=-0.64520424E+02

     Lambdao= 0.33502370E+00

     Lambda1= 0.11292432E+00

     Lambda2= 0.34510127E+00


     -----------------------------------------------------------------------------------------------------------------
     NER= 1
     -----------------------------------------------------------------------------------------------------------------
1
     1100. K to     3000. K
 0.17847416E+02 0.69411270E-01-0.28455817E-04 0.51594995E-08-0.31595229E-12
-0.25628828E+05-0.64520424E+02
                               0.17847416E+02 0.69411270E-01-0.28455817E-04
 0.51594995E-08-0.31595229E-12-0.25628828E+05-0.64520424E+02



 Low temperature


     Input value
     ------------


 No.Points =   15    Gas constant=      1.9871     Enthalpy of formation=   -31.3544



 Cpo at To=       126.475     H-H298 at To=     68445.805     Sto at To=       229.693






     TEMP.          H-H298          Pred/Correct          Sto          Pred/Correct          Cpo          Pred/Correct
     -----          ------          ------------          ---          ------------          ---          ------------

        300.0        104.4112             0.9812          120.6436           0.9999           56.5754           0.9990
        350.0       3119.1377             1.0003          129.9234           1.0000           64.0099           1.0017
        400.0       6502.6353             1.0008          138.9486           1.0001           71.2814           1.0008
        450.0      10240.8877             1.0006          147.7467           1.0001           78.1734           0.9996
        500.0      14311.8145             1.0002          156.3191           1.0000           84.5786           0.9991
        500.0      14311.8145             1.0002          156.3191           1.0000           84.5786           0.9991
        550.0      18690.2070             1.0000          164.6607           1.0000           90.4730           0.9994
        600.0      23350.9688             0.9999          172.7681           1.0000           95.8794           1.0000
        650.0      28270.7324             1.0000          180.6413           1.0000          100.8409           1.0006
        700.0      33428.4297             1.0001          188.2837           1.0000          105.4044           1.0009
        750.0      38805.2773             1.0002          195.7013           1.0000          109.6137           1.0008
        800.0      44384.5234             1.0003          202.9015           1.0001          113.5063           1.0003
        850.0      50151.1641             1.0002          209.8924           1.0001          117.1142           0.9997
        900.0      56091.6406             1.0002          216.6824           1.0000          120.4638           0.9992
        950.0      62193.6211             1.0001          223.2800           1.0000          123.5777           0.9992
     -----------------------------------------------------------------------------------------------------------------




     Least square coefficients
     -------------------------
     A(1)=  0.29649525E+01

     A(2)=  0.86916313E-01

     A(3)=  0.11858638E-04

     A(4)= -0.71721679E-07

     A(5)=  0.33628191E-10

     A6=-0.20505578E+05

     A7= 0.17762712E+02

     Lambdao= 0.62794916E-01

     Lambda1=-0.67383230E-01

     Lambda2=-0.18146332E-01


     -----------------------------------------------------------------------------------------------------------------
     NER= 1
     -----------------------------------------------------------------------------------------------------------------
1
      300. K to      950. K
 0.29649525E+01 0.86916313E-01 0.11858638E-04-0.71721679E-07 0.33628191E-10
-0.20505578E+05 0.17762712E+02
                               0.29649525E+01 0.86916313E-01 0.11858638E-04
-0.71721679E-07 0.33628191E-10-0.20505578E+05 0.17762712E+02
