 C9H19            Molecular weight =127.250

 Heat of formation at 298K =  -13.101 (kcal/mol)

 B =   0.053 cm?1     Symmetric number =  1

 Internal rotation
 ===================================================
  No      Br       sigma    dim      Vr(kcal/mol)
 ===================================================


 Vibrational Frequencies (cm^-1)
 -------------------------------
         31.
         36.
         84.
        111.
        169.
        214.
        221.
        224.
        247.
        258.
        259.
        358.
        364.
        410.
        411.
        443.
        465.
        510.
        799.
        828.
        843.
        893.
        929.
        930.
        944.
        950.
        966.
        967.
       1036.
       1073.
       1115.
       1120.
       1133.
       1181.
       1189.
       1192.
       1234.
       1252.
       1257.
       1321.
       1359.
       1364.
       1366.
       1384.
       1400.
       1402.
       1412.
       1421.
       1423.
       1458.
       1468.
       1488.
       1490.
       1493.
       1495.
       1504.
       1504.
       1510.
       1511.
       2899.
       2904.
       2973.
       2977.
       2995.
       2995.
       3012.
       3012.
       3018.
       3018.
       3071.
       3071.
       3078.
       3078.
       3083.
       3083.
       3091.
       3092.
       3122.
 -------------------------------


1
   T(K)       Cp(cal/mol/K)   S(cal/mol/K)  [H(T)-H(298K)](kcal/mol)
 -----------------------------------------------------------------
   50.00          0.000          0.000            -8.118
  100.00         22.697         73.141            -7.018
  200.00         35.527         93.036            -4.074
  298.15         47.793        109.449             0.000
  300.00         48.040        109.745             0.089
  350.00         54.824        117.658             2.660
  400.00         61.590        125.422             5.571
  450.00         68.097        133.056             8.814
  500.00         74.213        140.551            12.374
  500.00         74.213        140.551            12.374
  550.00         79.896        147.894            16.228
  600.00         85.150        155.074            20.356
  650.00         90.003        162.084            24.737
  700.00         94.491        168.920            29.350
  750.00         98.647        175.583            34.180
  800.00        102.504        182.074            39.210
  850.00        106.086        188.397            44.426
  900.00        109.416        194.556            49.815
  950.00        112.515        200.556            55.364
 1000.00        115.399        206.402            61.062
 1100.00        120.585        217.649            72.868
 1200.00        125.084        228.339            85.157
 1300.00        128.993        238.509            97.865
 1400.00        132.393        248.196           110.938
 1500.00        135.358        257.434           124.329
 1600.00        137.949        266.254           137.997
 1700.00        140.220        274.687           151.908
 1800.00        142.218        282.759           166.032
 1900.00        143.980        290.497           180.344
 2000.00        145.539        297.922           194.821
 2100.00        146.924        305.057           209.446
 2200.00        148.158        311.921           224.201
 2300.00        149.261        318.532           239.073
 2400.00        150.251        324.906           254.050
 2500.00        151.140        331.058           269.120
 2600.00        151.943        337.001           284.275
 2700.00        152.669        342.750           299.506
 2800.00        153.327        348.314           314.806
 2900.00        153.926        353.705           330.169
 3000.00        154.473        358.933           345.590
 -----------------------------------------------------------------
1
 High temperature

     Input value
     ------------


 No.Points =   20    Gas constant=      1.9871     Enthalpy of formation=   -13.1008



 Cpo at To=       115.399     H-H298 at To=     61062.457     Sto at To=       206.402






     TEMP.          H-H298          Pred/Correct          Sto          Pred/Correct          Cpo          Pred/Correct
     -----          ------          ------------          ---          ------------          ---          ------------

       1100.0      72867.7891             0.9998          217.6495           0.9999          120.5847           0.9980
       1200.0      85156.5391             0.9995          228.3393           0.9998          125.0842           0.9976
       1300.0      97864.9297             0.9993          238.5093           0.9997          128.9925           0.9979
       1400.0     110938.1172             0.9992          248.1960           0.9997          132.3929           0.9987
       1500.0     124329.0078             0.9992          257.4336           0.9997          135.3575           0.9996
       1600.0     137997.1875             0.9993          266.2540           0.9997          137.9489           1.0005
       1700.0     151908.1250             0.9994          274.6867           0.9997          140.2204           1.0012
       1800.0     166032.1406             0.9996          282.7592           0.9998          142.2178           1.0016
       1900.0     180343.8125             0.9997          290.4967           0.9998          143.9798           1.0018
       2000.0     194821.3594             0.9999          297.9224           0.9999          145.5394           1.0017
       2100.0     209445.9219             1.0000          305.0575           0.9999          146.9244           1.0013
       2200.0     224201.2188             1.0001          311.9214           0.9999          148.1584           1.0008
       2300.0     239073.2188             1.0001          318.5321           0.9999          149.2614           1.0002
       2400.0     254049.7031             1.0001          324.9059           0.9999          150.2505           0.9996
       2500.0     269120.0313             1.0000          331.0578           0.9999          151.1402           0.9990
       2600.0     284274.8438             1.0000          337.0015           0.9999          151.9427           0.9987
       2700.0     299506.0000             0.9999          342.7497           0.9999          152.6687           0.9987
       2800.0     314806.3438             0.9999          348.3140           0.9999          153.3274           0.9991
       2900.0     330169.5000             0.9998          353.7051           0.9999          153.9264           1.0001
       3000.0     345589.8750             0.9999          358.9328           0.9999          154.4727           1.0018
     -----------------------------------------------------------------------------------------------------------------




     Least square coefficients
     -------------------------
     A(1)=  0.14425221E+02

     A(2)=  0.64447984E-01

     A(3)= -0.24364574E-04

     A(4)=  0.36905767E-08

     A(5)= -0.12662759E-12

     A6=-0.15289086E+05

     A7=-0.49241898E+02

     Lambdao= 0.44874597E+00

     Lambda1= 0.14872420E+00

     Lambda2= 0.45380557E+00


     -----------------------------------------------------------------------------------------------------------------
     NER= 1
     -----------------------------------------------------------------------------------------------------------------
1
     1100. K to     3000. K
 0.14425221E+02 0.64447984E-01-0.24364574E-04 0.36905767E-08-0.12662759E-12
-0.15289086E+05-0.49241898E+02
                               0.14425221E+02 0.64447984E-01-0.24364574E-04
 0.36905767E-08-0.12662759E-12-0.15289086E+05-0.49241898E+02



 Low temperature


     Input value
     ------------


 No.Points =   15    Gas constant=      1.9871     Enthalpy of formation=   -13.1008



 Cpo at To=       115.399     H-H298 at To=     61062.457     Sto at To=       206.402






     TEMP.          H-H298          Pred/Correct          Sto          Pred/Correct          Cpo          Pred/Correct
     -----          ------          ------------          ---          ------------          ---          ------------

        300.0         88.6450             0.9453          109.7453           0.9998           48.0399           0.9972
        350.0       2659.6689             0.9988          117.6583           0.9999           54.8237           1.0024
        400.0       5570.6689             1.0006          125.4225           1.0000           61.5898           1.0018
        450.0       8814.2607             1.0007          133.0558           1.0001           68.0966           1.0002
        500.0      12373.7793             1.0004          140.5508           1.0001           74.2135           0.9992
        500.0      12373.7793             1.0004          140.5508           1.0001           74.2135           0.9992
        550.0      16228.3398             1.0001          147.8940           1.0000           79.8960           0.9991
        600.0      20356.2227             0.9999          155.0742           1.0000           85.1497           0.9995
        650.0      24736.6348             0.9999          162.0840           1.0000           90.0029           1.0001
        700.0      29350.4219             1.0000          168.9203           1.0000           94.4907           1.0005
        750.0      34180.1875             1.0001          175.5830           1.0000           98.6474           1.0006
        800.0      39210.1602             1.0001          182.0742           1.0000          102.5037           1.0004
        850.0      44425.9883             1.0001          188.3973           1.0000          106.0857           1.0000
        900.0      49814.5430             1.0001          194.5564           1.0000          109.4163           0.9996
        950.0      55363.7500             1.0000          200.5563           1.0000          112.5149           0.9995
     -----------------------------------------------------------------------------------------------------------------




     Least square coefficients
     -------------------------
     A(1)=  0.11046658E+01

     A(2)=  0.76735266E-01

     A(3)=  0.16736685E-04

     A(4)= -0.64928813E-07

     A(5)=  0.28424790E-10

     A6=-0.10368022E+05

     A7= 0.25670607E+02

     Lambdao= 0.25142670E-01

     Lambda1=-0.19065037E-01

     Lambda2=-0.68114102E-02


     -----------------------------------------------------------------------------------------------------------------
     NER= 1
     -----------------------------------------------------------------------------------------------------------------
1
      300. K to      950. K
 0.11046658E+01 0.76735266E-01 0.16736685E-04-0.64928813E-07 0.28424790E-10
-0.10368022E+05 0.25670607E+02
                               0.11046658E+01 0.76735266E-01 0.16736685E-04
-0.64928813E-07 0.28424790E-10-0.10368022E+05 0.25670607E+02
