 C9H18O           Molecular weight =159.249

 Heat of formation at 298K =  -66.483 (kcal/mol)

 B =   0.046 cm?1     Symmetric number =  1

 Internal rotation
 ===================================================
  No      Br       sigma    dim      Vr(kcal/mol)
 ===================================================


 Vibrational Frequencies (cm^-1)
 -------------------------------
         38.
         54.
         85.
        117.
        149.
        188.
        217.
        230.
        234.
        246.
        261.
        369.
        383.
        401.
        430.
        442.
        519.
        529.
        696.
        755.
        808.
        836.
        894.
        930.
        940.
        945.
        963.
        973.
        995.
       1031.
       1040.
       1091.
       1122.
       1146.
       1154.
       1167.
       1192.
       1237.
       1264.
       1289.
       1325.
       1348.
       1360.
       1372.
       1394.
       1404.
       1411.
       1420.
       1423.
       1468.
       1473.
       1479.
       1488.
       1490.
       1493.
       1501.
       1505.
       1507.
       1512.
       1521.
       2986.
       3000.
       3013.
       3019.
       3022.
       3024.
       3031.
       3047.
       3057.
       3072.
       3078.
       3079.
       3081.
       3085.
       3085.
       3090.
       3111.
       3132.
 -------------------------------


1
   T(K)       Cp(cal/mol/K)   S(cal/mol/K)  [H(T)-H(298K)](kcal/mol)
 -----------------------------------------------------------------
   50.00          0.000          0.000            -8.163
  100.00         22.847         73.303            -7.077
  200.00         35.756         93.271            -4.122
  298.15         48.530        109.872             0.000
  300.00         48.785        110.173             0.090
  350.00         55.769        118.216             2.704
  400.00         62.684        126.117             5.666
  450.00         69.298        133.886             8.967
  500.00         75.487        141.511            12.588
  500.00         75.487        141.511            12.588
  550.00         81.213        148.978            16.508
  600.00         86.485        156.274            20.702
  650.00         91.337        163.391            25.149
  700.00         95.808        170.325            29.829
  750.00         99.936        177.078            34.724
  800.00        103.755        183.651            39.818
  850.00        107.294        190.049            45.095
  900.00        110.578        196.276            50.543
  950.00        113.628        202.337            56.149
 1000.00        116.462        208.238            61.902
 1100.00        121.550        219.583            73.809
 1200.00        125.958        230.353            86.190
 1300.00        129.782        240.589            98.981
 1400.00        133.107        250.332           112.129
 1500.00        136.004        259.616           125.588
 1600.00        138.535        268.476           139.318
 1700.00        140.754        276.943           153.285
 1800.00        142.704        285.045           167.460
 1900.00        144.425        292.807           181.818
 2000.00        145.948        300.255           196.338
 2100.00        147.300        307.409           211.002
 2200.00        148.505        314.290           225.793
 2300.00        149.582        320.915           240.699
 2400.00        150.547        327.302           255.706
 2500.00        151.416        333.466           270.805
 2600.00        152.200        339.420           285.986
 2700.00        152.909        345.177           301.242
 2800.00        153.552        350.750           316.566
 2900.00        154.137        356.149           331.951
 3000.00        154.670        361.383           347.391
 -----------------------------------------------------------------
1
 High temperature

     Input value
     ------------


 No.Points =   20    Gas constant=      1.9871     Enthalpy of formation=   -66.4827



 Cpo at To=       116.462     H-H298 at To=     61902.188     Sto at To=       208.238






     TEMP.          H-H298          Pred/Correct          Sto          Pred/Correct          Cpo          Pred/Correct
     -----          ------          ------------          ---          ------------          ---          ------------

       1100.0      73808.9375             0.9998          219.5828           0.9999          121.5503           0.9982
       1200.0      86189.5859             0.9995          230.3526           0.9998          125.9578           0.9977
       1300.0      98981.0625             0.9993          240.5892           0.9998          129.7820           0.9981
       1400.0     112129.3516             0.9992          250.3316           0.9997          133.1067           0.9988
       1500.0     125588.1719             0.9992          259.6161           0.9997          136.0038           0.9997
       1600.0     139317.9375             0.9993          268.4762           0.9997          138.5353           1.0005
       1700.0     153284.7969             0.9995          276.9429           0.9997          140.7538           1.0011
       1800.0     167459.7813             0.9996          285.0445           0.9998          142.7044           1.0015
       1900.0     181818.0156             0.9998          292.8072           0.9998          144.4249           1.0016
       2000.0     196338.1719             0.9999          300.2547           0.9999          145.9477           1.0015
       2100.0     211001.8750             1.0000          307.4089           0.9999          147.2999           1.0012
       2200.0     225793.2500             1.0001          314.2896           0.9999          148.5048           1.0007
       2300.0     240698.5625             1.0001          320.9152           0.9999          149.5817           1.0001
       2400.0     255705.8906             1.0001          327.3021           0.9999          150.5474           0.9996
       2500.0     270804.8125             1.0000          333.4656           0.9999          151.4160           0.9991
       2600.0     285986.2500             1.0000          339.4198           0.9999          152.1996           0.9988
       2700.0     301242.2500             0.9999          345.1774           0.9999          152.9085           0.9988
       2800.0     316565.7813             0.9999          350.7501           0.9999          153.5516           0.9992
       2900.0     331950.5938             0.9999          356.1488           0.9999          154.1366           1.0001
       3000.0     347391.3438             0.9999          361.3834           0.9999          154.6700           1.0016
     -----------------------------------------------------------------------------------------------------------------




     Least square coefficients
     -------------------------
     A(1)=  0.15001545E+02

     A(2)=  0.65153994E-01

     A(3)= -0.25551275E-04

     A(4)=  0.42001957E-08

     A(5)= -0.19684925E-12

     A6=-0.42377199E+05

     A7=-0.52563736E+02

     Lambdao= 0.41401708E+00

     Lambda1= 0.13770947E+00

     Lambda2= 0.42045766E+00


     -----------------------------------------------------------------------------------------------------------------
     NER= 1
     -----------------------------------------------------------------------------------------------------------------
1
     1100. K to     3000. K
 0.15001545E+02 0.65153994E-01-0.25551275E-04 0.42001957E-08-0.19684925E-12
-0.42377199E+05-0.52563736E+02
                               0.15001545E+02 0.65153994E-01-0.25551275E-04
 0.42001957E-08-0.19684925E-12-0.42377199E+05-0.52563736E+02



 Low temperature


     Input value
     ------------


 No.Points =   15    Gas constant=      1.9871     Enthalpy of formation=   -66.4827



 Cpo at To=       116.462     H-H298 at To=     61902.188     Sto at To=       208.238






     TEMP.          H-H298          Pred/Correct          Sto          Pred/Correct          Cpo          Pred/Correct
     -----          ------          ------------          ---          ------------          ---          ------------

        300.0         90.0161             0.9587          110.1727           0.9999           48.7853           0.9979
        350.0       2703.5149             0.9994          118.2163           0.9999           55.7685           1.0022
        400.0       5665.6909             1.0008          126.1169           1.0000           62.6843           1.0014
        450.0       8966.8506             1.0007          133.8857           1.0001           69.2984           0.9999
        500.0      12588.3984             1.0003          141.5113           1.0000           75.4874           0.9991
        500.0      12588.3984             1.0003          141.5113           1.0000           75.4874           0.9991
        550.0      16507.8379             1.0000          148.9782           1.0000           81.2127           0.9992
        600.0      20702.1055             0.9999          156.2739           1.0000           86.4849           0.9997
        650.0      25149.3145             0.9999          163.3906           1.0000           91.3367           1.0003
        700.0      29829.4336             1.0000          170.3253           1.0000           95.8077           1.0007
        750.0      34724.3789             1.0001          177.0779           1.0000           99.9359           1.0007
        800.0      39817.8750             1.0002          183.6512           1.0000          103.7550           1.0004
        850.0      45095.2109             1.0002          190.0488           1.0000          107.2940           0.9999
        900.0      50543.0156             1.0001          196.2757           1.0000          110.5777           0.9994
        950.0      56149.0859             1.0000          202.3370           1.0000          113.6276           0.9993
     -----------------------------------------------------------------------------------------------------------------




     Least square coefficients
     -------------------------
     A(1)=  0.86205077E+00

     A(2)=  0.78826956E-01

     A(3)=  0.18373559E-04

     A(4)= -0.71175407E-07

     A(5)=  0.31720449E-10

     A6=-0.37255367E+05

     A7= 0.26618940E+02

     Lambdao= 0.40028200E-01

     Lambda1=-0.38191870E-01

     Lambda2=-0.11412982E-01


     -----------------------------------------------------------------------------------------------------------------
     NER= 1
     -----------------------------------------------------------------------------------------------------------------
1
      300. K to      950. K
 0.86205077E+00 0.78826956E-01 0.18373559E-04-0.71175407E-07 0.31720449E-10
-0.37255367E+05 0.26618940E+02
                               0.86205077E+00 0.78826956E-01 0.18373559E-04
-0.71175407E-07 0.31720449E-10-0.37255367E+05 0.26618940E+02
