 C9H19            Molecular weight =127.250

 Heat of formation at 298K =   -9.183 (kcal/mol)

 B =   0.054 cm?1     Symmetric number =  1

 Internal rotation
 ===================================================
  No      Br       sigma    dim      Vr(kcal/mol)
 ===================================================


 Vibrational Frequencies (cm^-1)
 -------------------------------
         38.
         57.
         96.
        118.
        124.
        139.
        224.
        230.
        238.
        252.
        260.
        351.
        369.
        406.
        422.
        463.
        493.
        555.
        743.
        802.
        839.
        854.
        922.
        930.
        945.
        961.
        965.
        987.
       1006.
       1048.
       1062.
       1068.
       1129.
       1165.
       1191.
       1194.
       1232.
       1269.
       1303.
       1313.
       1330.
       1345.
       1367.
       1370.
       1383.
       1394.
       1401.
       1405.
       1423.
       1460.
       1482.
       1488.
       1492.
       1495.
       1498.
       1500.
       1507.
       1509.
       1514.
       2980.
       2984.
       2991.
       2994.
       3005.
       3013.
       3016.
       3019.
       3021.
       3028.
       3058.
       3072.
       3078.
       3081.
       3082.
       3092.
       3094.
       3123.
       3225.
 -------------------------------


1
   T(K)       Cp(cal/mol/K)   S(cal/mol/K)  [H(T)-H(298K)](kcal/mol)
 -----------------------------------------------------------------
   50.00          0.000          0.000            -8.174
  100.00         23.232         72.429            -7.065
  200.00         35.681         92.529            -4.094
  298.15         48.047        109.019             0.000
  300.00         48.296        109.317             0.089
  350.00         55.123        117.273             2.674
  400.00         61.908        125.079             5.601
  450.00         68.412        132.750             8.860
  500.00         74.512        140.277            12.435
  500.00         74.512        140.277            12.435
  550.00         80.167        147.648            16.304
  600.00         85.388        154.850            20.445
  650.00         90.205        161.878            24.836
  700.00         94.657        168.728            29.459
  750.00         98.779        175.401            34.296
  800.00        102.603        181.899            39.332
  850.00        106.156        188.228            44.552
  900.00        109.460        194.390            49.943
  950.00        112.536        200.391            55.494
 1000.00        115.400        206.237            61.193
 1100.00        120.554        217.484            72.997
 1200.00        125.032        228.170            85.282
 1300.00        128.925        238.335            97.984
 1400.00        132.316        248.016           111.050
 1500.00        135.276        257.249           124.433
 1600.00        137.865        266.064           138.093
 1700.00        140.136        274.491           151.995
 1800.00        142.134        282.559           166.111
 1900.00        143.898        290.292           180.414
 2000.00        145.460        297.713           194.884
 2100.00        146.848        304.845           209.501
 2200.00        148.085        311.705           224.248
 2300.00        149.191        318.313           239.113
 2400.00        150.183        324.684           254.083
 2500.00        151.076        330.833           269.147
 2600.00        151.882        336.774           284.295
 2700.00        152.611        342.520           299.520
 2800.00        153.272        348.082           314.815
 2900.00        153.874        353.471           330.173
 3000.00        154.422        358.697           345.588
 -----------------------------------------------------------------
1
 High temperature

     Input value
     ------------


 No.Points =   20    Gas constant=      1.9871     Enthalpy of formation=    -9.1826



 Cpo at To=       115.400     H-H298 at To=     61193.430     Sto at To=       206.237






     TEMP.          H-H298          Pred/Correct          Sto          Pred/Correct          Cpo          Pred/Correct
     -----          ------          ------------          ---          ------------          ---          ------------

       1100.0      72997.1875             0.9998          217.4838           0.9999          120.5541           0.9980
       1200.0      85281.7031             0.9995          228.1699           0.9998          125.0315           0.9974
       1300.0      97984.0469             0.9992          238.3351           0.9997          128.9252           0.9978
       1400.0     111049.9922             0.9991          248.0164           0.9997          132.3164           0.9986
       1500.0     124432.9375             0.9991          257.2485           0.9997          135.2758           0.9996
       1600.0     138092.8125             0.9992          266.0635           0.9997          137.8647           1.0005
       1700.0     151995.2813             0.9994          274.4911           0.9997          140.1358           1.0012
       1800.0     166110.8906             0.9995          282.5589           0.9998          142.1342           1.0017
       1900.0     180414.3125             0.9997          290.2919           0.9998          143.8981           1.0019
       2000.0     194883.7813             0.9999          297.7134           0.9999          145.4602           1.0018
       2100.0     209500.5469             1.0000          304.8447           0.9999          146.8480           1.0014
       2200.0     224248.3750             1.0001          311.7052           0.9999          148.0851           1.0009
       2300.0     239113.2031             1.0001          318.3127           0.9999          149.1913           1.0002
       2400.0     254082.8281             1.0001          324.6835           0.9999          150.1835           0.9996
       2500.0     269146.5938             1.0000          330.8327           0.9999          151.0762           0.9990
       2600.0     284295.1563             1.0000          336.7740           0.9999          151.8817           0.9986
       2700.0     299520.3750             0.9999          342.5200           0.9999          152.6106           0.9986
       2800.0     314815.0313             0.9999          348.0822           0.9999          153.2720           0.9991
       2900.0     330172.7813             0.9998          353.4714           0.9999          153.8737           1.0001
       3000.0     345588.0000             0.9999          358.6973           0.9999          154.4224           1.0019
     -----------------------------------------------------------------------------------------------------------------




     Least square coefficients
     -------------------------
     A(1)=  0.15515147E+02

     A(2)=  0.62063195E-01

     A(3)= -0.22542084E-04

     A(4)=  0.30914995E-08

     A(5)= -0.54768944E-13

     A6=-0.13621060E+05

     A7=-0.55198227E+02

     Lambdao= 0.47641361E+00

     Lambda1= 0.15719518E+00

     Lambda2= 0.48020461E+00


     -----------------------------------------------------------------------------------------------------------------
     NER= 1
     -----------------------------------------------------------------------------------------------------------------
1
     1100. K to     3000. K
 0.15515147E+02 0.62063195E-01-0.22542084E-04 0.30914995E-08-0.54768944E-13
-0.13621060E+05-0.55198227E+02
                               0.15515147E+02 0.62063195E-01-0.22542084E-04
 0.30914995E-08-0.54768944E-13-0.13621060E+05-0.55198227E+02



 Low temperature


     Input value
     ------------


 No.Points =   15    Gas constant=      1.9871     Enthalpy of formation=    -9.1826



 Cpo at To=       115.400     H-H298 at To=     61193.430     Sto at To=       206.237






     TEMP.          H-H298          Pred/Correct          Sto          Pred/Correct          Cpo          Pred/Correct
     -----          ------          ------------          ---          ------------          ---          ------------

        300.0         89.1184             0.9462          109.3173           0.9998           48.2964           0.9971
        350.0       2674.1487             0.9988          117.2735           0.9999           55.1233           1.0023
        400.0       5600.6938             1.0006          125.0791           1.0000           61.9080           1.0018
        450.0       8860.2139             1.0007          132.7499           1.0001           68.4125           1.0002
        500.0      12435.1445             1.0004          140.2774           1.0001           74.5119           0.9992
        500.0      12435.1445             1.0004          140.2774           1.0001           74.5119           0.9992
        550.0      16303.9756             1.0001          147.6479           1.0000           80.1671           0.9991
        600.0      20444.5996             0.9999          154.8502           1.0000           85.3877           0.9996
        650.0      24836.0234             0.9999          161.8777           1.0000           90.2051           1.0001
        700.0      29459.0215             1.0000          168.7277           1.0000           94.6570           1.0005
        750.0      34296.2266             1.0001          175.4007           1.0000           98.7791           1.0006
        800.0      39331.9609             1.0001          181.8993           1.0000          102.6030           1.0004
        850.0      44552.0078             1.0001          188.2275           1.0000          106.1557           1.0000
        900.0      49943.3906             1.0001          194.3899           1.0000          109.4600           0.9996
        950.0      55494.1953             1.0000          200.3915           1.0000          112.5356           0.9995
     -----------------------------------------------------------------------------------------------------------------




     Least square coefficients
     -------------------------
     A(1)=  0.57734847E+00

     A(2)=  0.81014641E-01

     A(3)=  0.76382812E-05

     A(4)= -0.57256592E-07

     A(5)=  0.26099303E-10

     A6=-0.83628965E+04

     A7= 0.27524311E+02

     Lambdao= 0.26175193E-01

     Lambda1=-0.19927680E-01

     Lambda2=-0.71051028E-02


     -----------------------------------------------------------------------------------------------------------------
     NER= 1
     -----------------------------------------------------------------------------------------------------------------
1
      300. K to      950. K
 0.57734847E+00 0.81014641E-01 0.76382812E-05-0.57256592E-07 0.26099303E-10
-0.83628965E+04 0.27524311E+02
                               0.57734847E+00 0.81014641E-01 0.76382812E-05
-0.57256592E-07 0.26099303E-10-0.83628965E+04 0.27524311E+02
