 C9H18            Molecular weight =126.242

 Heat of formation at 298K =  -32.636 (kcal/mol)

 B =   0.052 cm?1     Symmetric number =  1

 Internal rotation
 ===================================================
  No      Br       sigma    dim      Vr(kcal/mol)
 ===================================================


 Vibrational Frequencies (cm^-1)
 -------------------------------
         32.
         49.
         88.
        113.
        139.
        190.
        223.
        236.
        257.
        283.
        304.
        383.
        394.
        429.
        441.
        492.
        556.
        760.
        793.
        827.
        866.
        930.
        945.
        960.
        962.
        969.
       1016.
       1021.
       1038.
       1103.
       1108.
       1135.
       1146.
       1190.
       1213.
       1254.
       1283.
       1318.
       1346.
       1369.
       1378.
       1390.
       1403.
       1411.
       1421.
       1423.
       1474.
       1478.
       1486.
       1492.
       1493.
       1497.
       1499.
       1505.
       1508.
       1514.
       1734.
       2985.
       2989.
       3003.
       3003.
       3011.
       3013.
       3019.
       3034.
       3043.
       3048.
       3072.
       3078.
       3079.
       3083.
       3092.
       3097.
       3106.
       3121.
 -------------------------------


1
   T(K)       Cp(cal/mol/K)   S(cal/mol/K)  [H(T)-H(298K)](kcal/mol)
 -----------------------------------------------------------------
   50.00          0.000          0.000            -7.803
  100.00         22.096         72.487            -6.726
  200.00         33.970         91.606            -3.900
  298.15         45.797        107.315             0.000
  300.00         46.036        107.599             0.085
  350.00         52.577        115.185             2.550
  400.00         59.097        122.633             5.342
  450.00         65.369        129.959             8.455
  500.00         71.269        137.155            11.873
  500.00         71.269        137.155            11.873
  550.00         76.753        144.208            15.575
  600.00         81.825        151.107            19.541
  650.00         86.513        157.844            23.751
  700.00         90.847        164.416            28.187
  750.00         94.862        170.823            32.831
  800.00         98.587        177.065            37.668
  850.00        102.046        183.147            42.685
  900.00        105.262        189.072            47.869
  950.00        108.254        194.845            53.207
 1000.00        111.039        200.469            58.691
 1100.00        116.046        211.293            70.051
 1200.00        120.390        221.581            81.878
 1300.00        124.164        231.369            94.110
 1400.00        127.448        240.694           106.694
 1500.00        130.311        249.587           119.585
 1600.00        132.814        258.079           132.745
 1700.00        135.009        266.198           146.138
 1800.00        136.939        273.970           159.737
 1900.00        138.641        281.421           173.518
 2000.00        140.149        288.571           187.459
 2100.00        141.487        295.442           201.542
 2200.00        142.680        302.052           215.752
 2300.00        143.747        308.419           230.074
 2400.00        144.703        314.557           244.498
 2500.00        145.563        320.482           259.012
 2600.00        146.339        326.206           273.607
 2700.00        147.041        331.743           288.277
 2800.00        147.678        337.102           303.013
 2900.00        148.258        342.294           317.811
 3000.00        148.786        347.330           332.663
 -----------------------------------------------------------------
1
 High temperature

     Input value
     ------------


 No.Points =   20    Gas constant=      1.9871     Enthalpy of formation=   -32.6358



 Cpo at To=       111.039     H-H298 at To=     58690.648     Sto at To=       200.469






     TEMP.          H-H298          Pred/Correct          Sto          Pred/Correct          Cpo          Pred/Correct
     -----          ------          ------------          ---          ------------          ---          ------------

       1100.0      70050.8359             0.9998          211.2925           0.9999          116.0459           0.9982
       1200.0      81877.7578             0.9996          221.5806           0.9999          120.3902           0.9978
       1300.0      94109.8750             0.9993          231.3695           0.9998          124.1641           0.9981
       1400.0     106694.2578             0.9992          240.6940           0.9997          127.4479           0.9989
       1500.0     119585.4531             0.9992          249.5869           0.9997          130.3112           0.9997
       1600.0     132744.5000             0.9993          258.0787           0.9997          132.8143           1.0005
       1700.0     146138.0469             0.9995          266.1978           0.9998          135.0088           1.0011
       1800.0     159737.4531             0.9996          273.9705           0.9998          136.9387           1.0015
       1900.0     173518.2188             0.9998          281.4209           0.9998          138.6415           1.0016
       2000.0     187459.2656             0.9999          288.5714           0.9999          140.1487           1.0015
       2100.0     201542.3594             1.0000          295.4423           0.9999          141.4874           1.0011
       2200.0     215751.8750             1.0001          302.0524           0.9999          142.6803           1.0007
       2300.0     230074.2031             1.0001          308.4187           0.9999          143.7466           1.0001
       2400.0     244497.5313             1.0001          314.5571           0.9999          144.7029           0.9996
       2500.0     259011.5625             1.0000          320.4819           0.9999          145.5631           0.9991
       2600.0     273607.3438             1.0000          326.2064           0.9999          146.3391           0.9989
       2700.0     288276.9375             0.9999          331.7426           0.9999          147.0412           0.9989
       2800.0     303013.4063             0.9999          337.1019           0.9999          147.6782           0.9993
       2900.0     317810.6563             0.9999          342.2943           0.9999          148.2575           1.0001
       3000.0     332663.2188             0.9999          347.3295           0.9999          148.7859           1.0016
     -----------------------------------------------------------------------------------------------------------------




     Least square coefficients
     -------------------------
     A(1)=  0.12739008E+02

     A(2)=  0.64620741E-01

     A(3)= -0.25555006E-04

     A(4)=  0.42886614E-08

     A(5)= -0.21489294E-12

     A6=-0.24448527E+05

     A7=-0.40334373E+02

     Lambdao= 0.38624647E+00

     Lambda1= 0.12848580E+00

     Lambda2= 0.39244738E+00


     -----------------------------------------------------------------------------------------------------------------
     NER= 1
     -----------------------------------------------------------------------------------------------------------------
1
     1100. K to     3000. K
 0.12739008E+02 0.64620741E-01-0.25555006E-04 0.42886614E-08-0.21489294E-12
-0.24448527E+05-0.40334373E+02
                               0.12739008E+02 0.64620741E-01-0.25555006E-04
 0.42886614E-08-0.21489294E-12-0.24448527E+05-0.40334373E+02



 Low temperature


     Input value
     ------------


 No.Points =   15    Gas constant=      1.9871     Enthalpy of formation=   -32.6358



 Cpo at To=       111.039     H-H298 at To=     58690.648     Sto at To=       200.469






     TEMP.          H-H298          Pred/Correct          Sto          Pred/Correct          Cpo          Pred/Correct
     -----          ------          ------------          ---          ------------          ---          ------------

        300.0         84.9452             0.9623          107.5989           0.9999           46.0356           0.9982
        350.0       2549.7432             0.9996          115.1850           0.9999           52.5769           1.0022
        400.0       5342.2441             1.0008          122.6330           1.0001           59.0974           1.0013
        450.0       8455.2813             1.0007          129.9590           1.0001           65.3694           0.9998
        500.0      11872.9297             1.0003          137.1552           1.0000           71.2690           0.9991
        500.0      11872.9297             1.0003          137.1552           1.0000           71.2690           0.9991
        550.0      15575.2275             1.0000          144.2084           1.0000           76.7530           0.9992
        600.0      19541.3594             0.9999          151.1072           1.0000           81.8255           0.9998
        650.0      23751.3496             0.9999          157.8443           1.0000           86.5125           1.0004
        700.0      28186.7441             1.0000          164.4163           1.0000           90.8472           1.0008
        750.0      32830.7461             1.0001          170.8227           1.0000           94.8622           1.0008
        800.0      37668.1211             1.0002          177.0654           1.0000           98.5867           1.0004
        850.0      42684.9922             1.0002          183.1472           1.0001          102.0461           0.9999
        900.0      47868.6758             1.0001          189.0722           1.0000          105.2622           0.9994
        950.0      53207.4844             1.0000          194.8445           1.0000          108.2542           0.9993
     -----------------------------------------------------------------------------------------------------------------




     Least square coefficients
     -------------------------
     A(1)=  0.19484317E+01

     A(2)=  0.66804215E-01

     A(3)=  0.33754066E-04

     A(4)= -0.80692857E-07

     A(5)=  0.34064654E-10

     A6=-0.20129932E+05

     A7= 0.22123573E+02

     Lambdao= 0.41382626E-01

     Lambda1=-0.40667579E-01

     Lambda2=-0.11730909E-01


     -----------------------------------------------------------------------------------------------------------------
     NER= 1
     -----------------------------------------------------------------------------------------------------------------
1
      300. K to      950. K
 0.19484317E+01 0.66804215E-01 0.33754066E-04-0.80692857E-07 0.34064654E-10
-0.20129932E+05 0.22123573E+02
                               0.19484317E+01 0.66804215E-01 0.33754066E-04
-0.80692857E-07 0.34064654E-10-0.20129932E+05 0.22123573E+02
