 C9H19O2          Molecular weight =159.249

 Heat of formation at 298K =  -34.781 (kcal/mol)

 B =   0.032 cm?1     Symmetric number =  1

 Internal rotation
 ===================================================
  No      Br       sigma    dim      Vr(kcal/mol)
 ===================================================


 Vibrational Frequencies (cm^-1)
 -------------------------------
         33.
         48.
         88.
         96.
        104.
        121.
        173.
        206.
        226.
        233.
        238.
        257.
        261.
        285.
        324.
        359.
        385.
        390.
        442.
        448.
        489.
        532.
        572.
        746.
        763.
        816.
        844.
        860.
        916.
        924.
        931.
        943.
        949.
        966.
       1007.
       1041.
       1059.
       1094.
       1135.
       1153.
       1187.
       1190.
       1212.
       1253.
       1284.
       1314.
       1334.
       1345.
       1357.
       1372.
       1379.
       1392.
       1399.
       1405.
       1423.
       1442.
       1476.
       1481.
       1493.
       1493.
       1498.
       1504.
       1507.
       1508.
       1515.
       2984.
       2994.
       3012.
       3018.
       3020.
       3022.
       3032.
       3036.
       3057.
       3071.
       3077.
       3079.
       3083.
       3094.
       3104.
       3115.
       3153.
       3267.
       3782.
 -------------------------------


1
   T(K)       Cp(cal/mol/K)   S(cal/mol/K)  [H(T)-H(298K)](kcal/mol)
 -----------------------------------------------------------------
   50.00          0.000          0.000            -9.682
  100.00         26.829         77.565            -8.411
  200.00         42.746        101.332            -4.891
  298.15         57.051        121.041             0.000
  300.00         57.327        121.395             0.106
  350.00         64.778        130.793             3.159
  400.00         72.024        139.919             6.580
  450.00         78.868        148.802            10.354
  500.00         85.215        157.445            14.459
  500.00         85.215        157.445            14.459
  550.00         91.049        165.844            18.867
  600.00         96.397        173.999            23.555
  650.00        101.304        181.912            28.500
  700.00        105.818        189.587            33.679
  750.00        109.982        197.031            39.076
  800.00        113.835        204.254            44.672
  850.00        117.407        211.264            50.455
  900.00        120.726        218.070            56.409
  950.00        123.812        224.680            62.523
 1000.00        126.684        231.105            68.786
 1100.00        131.854        243.428            81.719
 1200.00        136.349        255.098            95.135
 1300.00        140.263        266.170           108.970
 1400.00        143.676        276.692           123.171
 1500.00        146.660        286.709           137.691
 1600.00        149.275        296.259           152.490
 1700.00        151.572        305.379           167.535
 1800.00        153.596        314.101           182.796
 1900.00        155.385        322.455           198.247
 2000.00        156.971        330.466           213.866
 2100.00        158.382        338.160           229.635
 2200.00        159.641        345.557           245.537
 2300.00        160.767        352.679           261.559
 2400.00        161.779        359.543           277.687
 2500.00        162.690        366.166           293.911
 2600.00        163.512        372.563           310.222
 2700.00        164.257        378.748           326.611
 2800.00        164.933        384.734           343.071
 2900.00        165.548        390.533           359.596
 3000.00        166.110        396.155           376.179
 -----------------------------------------------------------------
1
 High temperature

     Input value
     ------------


 No.Points =   20    Gas constant=      1.9871     Enthalpy of formation=   -34.7806



 Cpo at To=       126.684     H-H298 at To=     68786.500     Sto at To=       231.105






     TEMP.          H-H298          Pred/Correct          Sto          Pred/Correct          Cpo          Pred/Correct
     -----          ------          ------------          ---          ------------          ---          ------------

       1100.0      81719.5000             0.9998          243.4277           0.9999          131.8544           0.9982
       1200.0      95134.8750             0.9996          255.0977           0.9999          136.3490           0.9978
       1300.0     108969.9531             0.9993          266.1696           0.9998          140.2626           0.9981
       1400.0     123170.7578             0.9992          276.6920           0.9997          143.6763           0.9988
       1500.0     137690.8906             0.9992          286.7086           0.9997          146.6602           0.9996
       1600.0     152490.4844             0.9993          296.2592           0.9997          149.2747           1.0004
       1700.0     167535.2500             0.9994          305.3793           0.9997          151.5717           1.0011
       1800.0     182795.7344             0.9996          314.1014           0.9998          153.5958           1.0015
       1900.0     198246.5781             0.9997          322.4548           0.9998          155.3848           1.0016
       2000.0     213865.9219             0.9999          330.4662           0.9999          156.9710           1.0015
       2100.0     229634.9375             1.0000          338.1596           0.9999          158.3819           1.0012
       2200.0     245537.2500             1.0001          345.5571           0.9999          159.6407           1.0008
       2300.0     261558.6875             1.0001          352.6787           0.9999          160.7675           1.0002
       2400.0     277686.9063             1.0001          359.5427           0.9999          161.7790           0.9996
       2500.0     293911.1250             1.0000          366.1656           0.9999          162.6898           0.9992
       2600.0     310221.9375             1.0000          372.5627           0.9999          163.5122           0.9989
       2700.0     326611.0000             0.9999          378.7480           0.9999          164.2569           0.9988
       2800.0     343071.0313             0.9999          384.7340           0.9999          164.9331           0.9992
       2900.0     359595.5938             0.9999          390.5326           0.9999          165.5485           1.0001
       3000.0     376178.9375             0.9999          396.1546           0.9999          166.1100           1.0016
     -----------------------------------------------------------------------------------------------------------------




     Least square coefficients
     -------------------------
     A(1)=  0.20686176E+02

     A(2)=  0.63197501E-01

     A(3)= -0.23480974E-04

     A(4)=  0.34536378E-08

     A(5)= -0.10457608E-12

     A6=-0.28187516E+05

     A7=-0.79177338E+02

     Lambdao= 0.46412727E+00

     Lambda1= 0.15176901E+00

     Lambda2= 0.46401271E+00


     -----------------------------------------------------------------------------------------------------------------
     NER= 1
     -----------------------------------------------------------------------------------------------------------------
1
     1100. K to     3000. K
 0.20686176E+02 0.63197501E-01-0.23480974E-04 0.34536378E-08-0.10457608E-12
-0.28187516E+05-0.79177338E+02
                               0.20686176E+02 0.63197501E-01-0.23480974E-04
 0.34536378E-08-0.10457608E-12-0.28187516E+05-0.79177338E+02



 Low temperature


     Input value
     ------------


 No.Points =   15    Gas constant=      1.9871     Enthalpy of formation=   -34.7806



 Cpo at To=       126.684     H-H298 at To=     68786.500     Sto at To=       231.105






     TEMP.          H-H298          Pred/Correct          Sto          Pred/Correct          Cpo          Pred/Correct
     -----          ------          ------------          ---          ------------          ---          ------------

        300.0        105.8004             0.9594          121.3951           0.9999           57.3272           0.9979
        350.0       3158.7610             0.9991          130.7927           0.9999           64.7785           1.0018
        400.0       6580.1797             1.0005          139.9192           1.0000           72.0244           1.0013
        450.0      10354.4365             1.0006          148.8022           1.0001           78.8680           1.0001
        500.0      14458.6631             1.0003          157.4448           1.0000           85.2151           0.9994
        500.0      14458.6631             1.0003          157.4448           1.0000           85.2151           0.9994
        550.0      18867.3711             1.0001          165.8443           1.0000           91.0491           0.9993
        600.0      23555.4668             1.0000          173.9992           1.0000           96.3972           0.9997
        650.0      28499.7383             0.9999          181.9117           1.0000          101.3042           1.0001
        700.0      33679.3359             1.0000          189.5866           1.0000          105.8180           1.0004
        750.0      39075.7188             1.0001          197.0312           1.0000          109.9824           1.0005
        800.0      44672.3906             1.0001          204.2539           1.0000          113.8351           1.0003
        850.0      50454.5586             1.0001          211.2636           1.0000          117.4074           1.0000
        900.0      56408.8945             1.0001          218.0695           1.0000          120.7256           0.9996
        950.0      62523.2461             1.0000          224.6805           1.0000          123.8116           0.9996
     -----------------------------------------------------------------------------------------------------------------




     Least square coefficients
     -------------------------
     A(1)=  0.10456851E+01

     A(2)=  0.10358867E+00

     A(3)= -0.30004794E-04

     A(4)= -0.28856508E-07

     A(5)=  0.17978719E-10

     A6=-0.22107133E+05

     A7= 0.25614344E+02

     Lambdao= 0.25405228E-01

     Lambda1=-0.20003729E-01

     Lambda2=-0.67842100E-02


     -----------------------------------------------------------------------------------------------------------------
     NER= 1
     -----------------------------------------------------------------------------------------------------------------
1
      300. K to      950. K
 0.10456851E+01 0.10358867E+00-0.30004794E-04-0.28856508E-07 0.17978719E-10
-0.22107133E+05 0.25614344E+02
                               0.10456851E+01 0.10358867E+00-0.30004794E-04
-0.28856508E-07 0.17978719E-10-0.22107133E+05 0.25614344E+02
