 C9H18O           Molecular weight =159.249

 Heat of formation at 298K =  -70.543 (kcal/mol)

 B =   0.046 cm?1     Symmetric number =  1

 Internal rotation
 ===================================================
  No      Br       sigma    dim      Vr(kcal/mol)
 ===================================================


 Vibrational Frequencies (cm^-1)
 -------------------------------
         40.
         50.
         82.
        162.
        203.
        220.
        233.
        256.
        267.
        268.
        333.
        362.
        398.
        403.
        432.
        458.
        494.
        657.
        798.
        820.
        858.
        875.
        910.
        916.
        930.
        951.
        967.
        967.
        987.
        998.
       1016.
       1054.
       1099.
       1138.
       1178.
       1190.
       1197.
       1236.
       1256.
       1278.
       1286.
       1291.
       1333.
       1368.
       1374.
       1401.
       1403.
       1407.
       1414.
       1423.
       1476.
       1479.
       1484.
       1490.
       1492.
       1497.
       1497.
       1506.
       1507.
       1512.
       2979.
       2989.
       3007.
       3014.
       3020.
       3021.
       3027.
       3047.
       3059.
       3073.
       3080.
       3085.
       3085.
       3091.
       3093.
       3098.
       3104.
       3112.
 -------------------------------


1
   T(K)       Cp(cal/mol/K)   S(cal/mol/K)  [H(T)-H(298K)](kcal/mol)
 -----------------------------------------------------------------
   50.00          0.000          0.000            -7.806
  100.00         21.126         71.996            -6.807
  200.00         34.389         90.876            -4.008
  298.15         47.572        107.004             0.000
  300.00         47.836        107.300             0.088
  350.00         55.029        115.213             2.660
  400.00         62.126        123.027             5.589
  450.00         68.885        130.739             8.866
  500.00         75.187        138.327            12.470
  500.00         75.187        138.327            12.470
  550.00         80.998        145.769            16.377
  600.00         86.334        153.049            20.562
  650.00         91.234        160.156            25.003
  700.00         95.741        167.084            29.679
  750.00         99.896        173.833            34.571
  800.00        103.735        180.404            39.663
  850.00        107.288        186.801            44.940
  900.00        110.583        193.028            50.388
  950.00        113.641        199.090            55.994
 1000.00        116.482        204.992            61.748
 1100.00        121.578        216.339            73.657
 1200.00        125.989        227.111            86.041
 1300.00        129.814        237.350            98.836
 1400.00        133.139        247.095           111.987
 1500.00        136.035        256.382           125.449
 1600.00        138.565        265.244           139.182
 1700.00        140.782        273.712           153.152
 1800.00        142.731        281.816           167.330
 1900.00        144.450        289.580           181.690
 2000.00        145.972        297.029           196.213
 2100.00        147.322        304.184           210.879
 2200.00        148.526        311.066           225.673
 2300.00        149.602        317.692           240.580
 2400.00        150.566        324.080           255.589
 2500.00        151.434        330.244           270.690
 2600.00        152.216        336.199           285.873
 2700.00        152.924        341.957           301.131
 2800.00        153.566        347.530           316.456
 2900.00        154.150        352.930           331.842
 3000.00        154.683        358.165           347.284
 -----------------------------------------------------------------
1
 High temperature

     Input value
     ------------


 No.Points =   20    Gas constant=      1.9871     Enthalpy of formation=   -70.5427



 Cpo at To=       116.482     H-H298 at To=     61748.344     Sto at To=       204.992






     TEMP.          H-H298          Pred/Correct          Sto          Pred/Correct          Cpo          Pred/Correct
     -----          ------          ------------          ---          ------------          ---          ------------

       1100.0      73657.4766             0.9998          216.3390           0.9999          121.5776           0.9980
       1200.0      86041.0469             0.9995          227.1113           0.9998          125.9887           0.9975
       1300.0      98835.7031             0.9992          237.3505           0.9997          129.8142           0.9978
       1400.0     111987.2109             0.9991          247.0953           0.9997          133.1388           0.9987
       1500.0     125449.2031             0.9991          256.3819           0.9997          136.0351           0.9996
       1600.0     139182.0469             0.9992          265.2440           0.9997          138.5653           1.0005
       1700.0     153151.8438             0.9994          273.7125           0.9997          140.7824           1.0012
       1800.0     167329.5938             0.9996          281.8157           0.9998          142.7314           1.0017
       1900.0     181690.4375             0.9997          289.5798           0.9998          144.4504           1.0018
       2000.0     196213.0938             0.9999          297.0286           0.9999          145.9717           1.0017
       2100.0     210879.1094             1.0000          304.1839           0.9999          147.3225           1.0014
       2200.0     225672.6719             1.0001          311.0657           0.9999          148.5259           1.0008
       2300.0     240580.0469             1.0001          317.6921           0.9999          149.6016           1.0002
       2400.0     255589.2969             1.0001          324.0798           0.9999          150.5661           0.9996
       2500.0     270690.0313             1.0000          330.2441           0.9999          151.4336           0.9990
       2600.0     285873.1875             1.0000          336.1990           0.9999          152.2162           0.9987
       2700.0     301130.7813             0.9999          341.9572           0.9999          152.9241           0.9987
       2800.0     316455.8125             0.9999          347.5305           0.9999          153.5664           0.9991
       2900.0     331842.1250             0.9998          352.9296           0.9999          154.1505           1.0001
       3000.0     347284.1875             0.9999          358.1647           0.9999          154.6831           1.0019
     -----------------------------------------------------------------------------------------------------------------




     Least square coefficients
     -------------------------
     A(1)=  0.16022362E+02

     A(2)=  0.62695883E-01

     A(3)= -0.23442879E-04

     A(4)=  0.34417309E-08

     A(5)= -0.99566297E-13

     A6=-0.44822160E+05

     A7=-0.59616402E+02

     Lambdao= 0.47289842E+00

     Lambda1= 0.15647930E+00

     Lambda2= 0.47770405E+00


     -----------------------------------------------------------------------------------------------------------------
     NER= 1
     -----------------------------------------------------------------------------------------------------------------
1
     1100. K to     3000. K
 0.16022362E+02 0.62695883E-01-0.23442879E-04 0.34417309E-08-0.99566297E-13
-0.44822160E+05-0.59616402E+02
                               0.16022362E+02 0.62695883E-01-0.23442879E-04
 0.34417309E-08-0.99566297E-13-0.44822160E+05-0.59616402E+02



 Low temperature


     Input value
     ------------


 No.Points =   15    Gas constant=      1.9871     Enthalpy of formation=   -70.5427



 Cpo at To=       116.482     H-H298 at To=     61748.344     Sto at To=       204.992






     TEMP.          H-H298          Pred/Correct          Sto          Pred/Correct          Cpo          Pred/Correct
     -----          ------          ------------          ---          ------------          ---          ------------

        300.0         88.2520             0.9553          107.2995           0.9998           47.8355           0.9977
        350.0       2659.6140             0.9993          115.2128           0.9999           55.0291           1.0023
        400.0       5589.4814             1.0008          123.0269           1.0000           62.1256           1.0015
        450.0       8866.4922             1.0007          130.7386           1.0001           68.8853           0.9999
        500.0      12470.3271             1.0004          138.3268           1.0000           75.1870           0.9991
        500.0      12470.3271             1.0004          138.3268           1.0000           75.1870           0.9991
        550.0      16376.9814             1.0001          145.7693           1.0000           80.9978           0.9992
        600.0      20562.1855             0.9999          153.0491           1.0000           86.3341           0.9997
        650.0      25003.1133             0.9999          160.1558           1.0000           91.2339           1.0003
        700.0      29679.0234             1.0000          167.0842           1.0000           95.7407           1.0007
        750.0      34571.3164             1.0001          173.8332           1.0000           99.8955           1.0007
        800.0      39663.3164             1.0002          180.4044           1.0000          103.7345           1.0004
        850.0      44940.0195             1.0002          186.8013           1.0000          107.2884           0.9999
        900.0      50387.8398             1.0001          193.0282           1.0000          110.5832           0.9994
        950.0      55994.3945             1.0000          199.0901           1.0000          113.6412           0.9993
     -----------------------------------------------------------------------------------------------------------------




     Least square coefficients
     -------------------------
     A(1)= -0.10022426E+01

     A(2)=  0.86110599E-01

     A(3)=  0.73162400E-05

     A(4)= -0.63458735E-07

     A(5)=  0.29651691E-10

     A6=-0.38983070E+05

     A7= 0.34053455E+02

     Lambdao= 0.40003955E-01

     Lambda1=-0.37221789E-01

     Lambda2=-0.11190753E-01


     -----------------------------------------------------------------------------------------------------------------
     NER= 1
     -----------------------------------------------------------------------------------------------------------------
1
      300. K to      950. K
-0.10022426E+01 0.86110599E-01 0.73162400E-05-0.63458735E-07 0.29651691E-10
-0.38983070E+05 0.34053455E+02
                              -0.10022426E+01 0.86110599E-01 0.73162400E-05
-0.63458735E-07 0.29651691E-10-0.38983070E+05 0.34053455E+02
