 C9H19O2          Molecular weight =159.249

 Heat of formation at 298K =  -35.854 (kcal/mol)

 B =   0.029 cm?1     Symmetric number =  1

 Internal rotation
 ===================================================
  No      Br       sigma    dim      Vr(kcal/mol)
 ===================================================


 Vibrational Frequencies (cm^-1)
 -------------------------------
         26.
         40.
         52.
         72.
         87.
        111.
        117.
        133.
        196.
        215.
        226.
        249.
        280.
        284.
        308.
        356.
        374.
        404.
        415.
        440.
        496.
        573.
        745.
        778.
        848.
        886.
        931.
        935.
        943.
        949.
        966.
        977.
        982.
       1011.
       1031.
       1039.
       1063.
       1132.
       1144.
       1191.
       1196.
       1255.
       1284.
       1299.
       1323.
       1337.
       1349.
       1357.
       1363.
       1373.
       1394.
       1399.
       1401.
       1415.
       1422.
       1471.
       1472.
       1478.
       1482.
       1492.
       1496.
       1499.
       1500.
       1508.
       1524.
       2921.
       2926.
       2972.
       2999.
       3020.
       3023.
       3024.
       3025.
       3027.
       3037.
       3058.
       3070.
       3074.
       3078.
       3081.
       3087.
       3092.
       3097.
       3773.
 -------------------------------


1
   T(K)       Cp(cal/mol/K)   S(cal/mol/K)  [H(T)-H(298K)](kcal/mol)
 -----------------------------------------------------------------
   50.00          0.000          0.000            -9.870
  100.00         28.512         81.955            -8.420
  200.00         42.641        106.311            -4.826
  298.15         55.967        125.766             0.000
  300.00         56.233        126.114             0.104
  350.00         63.488        135.326             3.096
  400.00         70.666        144.274             6.451
  450.00         77.525        152.998            10.158
  500.00         83.937        161.502            14.196
  500.00         83.937        161.502            14.196
  550.00         89.864        169.784            18.543
  600.00         95.318        177.840            23.175
  650.00        100.336        185.670            28.068
  700.00        104.958        193.278            33.202
  750.00        109.226        200.666            38.558
  800.00        113.175        207.843            44.119
  850.00        116.834        214.816            49.870
  900.00        120.231        221.591            55.798
  950.00        123.387        228.177            61.890
 1000.00        126.322        234.582            68.133
 1100.00        131.594        246.875            81.035
 1200.00        136.166        258.526            94.429
 1300.00        140.138        269.585           108.248
 1400.00        143.596        280.100           122.439
 1500.00        146.612        290.112           136.953
 1600.00        149.251        299.661           151.749
 1700.00        151.566        308.780           166.792
 1800.00        153.603        317.502           182.053
 1900.00        155.402        325.856           197.505
 2000.00        156.995        333.868           213.126
 2100.00        158.410        341.563           228.898
 2200.00        159.672        348.962           244.803
 2300.00        160.801        356.085           260.828
 2400.00        161.814        362.951           276.960
 2500.00        162.726        369.575           293.188
 2600.00        163.548        375.974           309.502
 2700.00        164.293        382.160           325.895
 2800.00        164.969        388.147           342.358
 2900.00        165.583        393.947           358.886
 3000.00        166.144        399.570           375.473
 -----------------------------------------------------------------
1
 High temperature

     Input value
     ------------


 No.Points =   20    Gas constant=      1.9871     Enthalpy of formation=   -35.8536



 Cpo at To=       126.322     H-H298 at To=     68133.125     Sto at To=       234.582






     TEMP.          H-H298          Pred/Correct          Sto          Pred/Correct          Cpo          Pred/Correct
     -----          ------          ------------          ---          ------------          ---          ------------

       1100.0      81035.1875             0.9999          246.8747           1.0000          131.5938           0.9984
       1200.0      94428.5703             0.9996          258.5256           0.9999          136.1661           0.9980
       1300.0     108248.4219             0.9994          269.5853           0.9998          140.1383           0.9983
       1400.0     122439.0859             0.9993          280.1001           0.9998          143.5958           0.9990
       1500.0     136952.8906             0.9993          290.1124           0.9997          146.6123           0.9998
       1600.0     151748.9688             0.9994          299.6606           0.9998          149.2509           1.0005
       1700.0     166792.2969             0.9995          308.7799           0.9998          151.5658           1.0010
       1800.0     182052.8750             0.9997          317.5020           0.9998          153.6030           1.0013
       1900.0     197504.9531             0.9998          325.8561           0.9999          155.4015           1.0014
       2000.0     213126.3281             0.9999          333.8685           0.9999          156.9946           1.0013
       2100.0     228897.9531             1.0000          341.5632           0.9999          158.4103           1.0010
       2200.0     244803.2813             1.0001          348.9622           0.9999          159.6725           1.0006
       2300.0     260828.0000             1.0001          356.0852           1.0000          160.8014           1.0001
       2400.0     276959.6875             1.0001          362.9507           1.0000          161.8143           0.9996
       2500.0     293187.5000             1.0000          369.5750           0.9999          162.7257           0.9992
       2600.0     309501.9063             1.0000          375.9736           0.9999          163.5484           0.9990
       2700.0     325894.5313             0.9999          382.1601           0.9999          164.2929           0.9990
       2800.0     342358.1563             0.9999          388.1475           0.9999          164.9686           0.9994
       2900.0     358886.3125             0.9999          393.9473           0.9999          165.5835           1.0001
       3000.0     375473.0625             0.9999          399.5705           0.9999          166.1443           1.0014
     -----------------------------------------------------------------------------------------------------------------




     Least square coefficients
     -------------------------
     A(1)=  0.17699984E+02

     A(2)=  0.69147423E-01

     A(3)= -0.27882177E-04

     A(4)=  0.48777538E-08

     A(5)= -0.27377696E-12

     A6=-0.27900207E+05

     A7=-0.60981606E+02

     Lambdao= 0.38706341E+00

     Lambda1= 0.12914824E+00

     Lambda2= 0.39417610E+00


     -----------------------------------------------------------------------------------------------------------------
     NER= 1
     -----------------------------------------------------------------------------------------------------------------
1
     1100. K to     3000. K
 0.17699984E+02 0.69147423E-01-0.27882177E-04 0.48777538E-08-0.27377696E-12
-0.27900207E+05-0.60981606E+02
                               0.17699984E+02 0.69147423E-01-0.27882177E-04
 0.48777538E-08-0.27377696E-12-0.27900207E+05-0.60981606E+02



 Low temperature


     Input value
     ------------


 No.Points =   15    Gas constant=      1.9871     Enthalpy of formation=   -35.8536



 Cpo at To=       126.322     H-H298 at To=     68133.125     Sto at To=       234.582






     TEMP.          H-H298          Pred/Correct          Sto          Pred/Correct          Cpo          Pred/Correct
     -----          ------          ------------          ---          ------------          ---          ------------

        300.0        103.7860             0.9729          126.1135           0.9999           56.2330           0.9987
        350.0       3096.4868             1.0000          135.3257           0.9999           63.4882           1.0019
        400.0       6451.2666             1.0008          144.2744           1.0001           70.6664           1.0010
        450.0      10157.7266             1.0006          152.9976           1.0001           77.5249           0.9997
        500.0      14196.2676             1.0003          161.5017           1.0000           83.9369           0.9991
        500.0      14196.2676             1.0003          161.5017           1.0000           83.9369           0.9991
        550.0      18543.3086             1.0000          169.7836           1.0000           89.8639           0.9993
        600.0      23174.7715             0.9999          177.8399           1.0000           95.3185           0.9999
        650.0      28067.8711             1.0000          185.6704           1.0000          100.3360           1.0005
        700.0      33201.7891             1.0001          193.2776           1.0000          104.9585           1.0008
        750.0      38557.8086             1.0002          200.6664           1.0000          109.2262           1.0008
        800.0      44119.0898             1.0002          207.8434           1.0001          113.1746           1.0004
        850.0      49870.4531             1.0002          214.8158           1.0001          116.8342           0.9998
        900.0      55798.1250             1.0001          221.5911           1.0000          120.2309           0.9993
        950.0      61889.5273             1.0000          228.1773           1.0000          123.3869           0.9992
     -----------------------------------------------------------------------------------------------------------------




     Least square coefficients
     -------------------------
     A(1)=  0.42594681E+01

     A(2)=  0.77888712E-01

     A(3)=  0.29234863E-04

     A(4)= -0.85166718E-07

     A(5)=  0.37352888E-10

     A6=-0.22883568E+05

     A7= 0.15170555E+02

     Lambdao= 0.56050315E-01

     Lambda1=-0.58039725E-01

     Lambda2=-0.16188536E-01


     -----------------------------------------------------------------------------------------------------------------
     NER= 1
     -----------------------------------------------------------------------------------------------------------------
1
      300. K to      950. K
 0.42594681E+01 0.77888712E-01 0.29234863E-04-0.85166718E-07 0.37352888E-10
-0.22883568E+05 0.15170555E+02
                               0.42594681E+01 0.77888712E-01 0.29234863E-04
-0.85166718E-07 0.37352888E-10-0.22883568E+05 0.15170555E+02
