 C9H18O           Molecular weight =159.249

 Heat of formation at 298K =  -67.738 (kcal/mol)

 B =   0.045 cm?1     Symmetric number =  1

 Internal rotation
 ===================================================
  No      Br       sigma    dim      Vr(kcal/mol)
 ===================================================


 Vibrational Frequencies (cm^-1)
 -------------------------------
         45.
         63.
        111.
        120.
        210.
        215.
        228.
        239.
        249.
        263.
        316.
        354.
        366.
        418.
        459.
        482.
        606.
        723.
        766.
        852.
        889.
        921.
        928.
        932.
        945.
        963.
        965.
        980.
       1004.
       1018.
       1059.
       1090.
       1126.
       1137.
       1166.
       1190.
       1205.
       1223.
       1257.
       1279.
       1311.
       1319.
       1331.
       1349.
       1370.
       1386.
       1399.
       1400.
       1408.
       1420.
       1426.
       1487.
       1492.
       1494.
       1496.
       1500.
       1506.
       1510.
       1515.
       1517.
       2985.
       2987.
       3004.
       3004.
       3016.
       3022.
       3023.
       3030.
       3066.
       3075.
       3080.
       3084.
       3087.
       3088.
       3093.
       3101.
       3109.
       3118.
 -------------------------------


1
   T(K)       Cp(cal/mol/K)   S(cal/mol/K)  [H(T)-H(298K)](kcal/mol)
 -----------------------------------------------------------------
   50.00          0.000          0.000            -7.743
  100.00         21.398         71.381            -6.754
  200.00         34.053         90.273            -3.957
  298.15         46.942        106.199             0.000
  300.00         47.203        106.490             0.087
  350.00         54.374        114.303             2.626
  400.00         61.490        122.031             5.524
  450.00         68.289        129.670             8.770
  500.00         74.639        137.198            12.345
  500.00         74.639        137.198            12.345
  550.00         80.500        144.591            16.225
  600.00         85.884        151.829            20.387
  650.00         90.827        158.901            24.806
  700.00         95.373        165.801            29.463
  750.00         99.564        172.526            34.338
  800.00        103.434        179.077            39.414
  850.00        107.015        185.456            44.676
  900.00        110.335        191.668            50.111
  950.00        113.415        197.717            55.706
 1000.00        116.274        203.608            61.449
 1100.00        121.402        214.937            73.339
 1200.00        125.839        225.695            85.706
 1300.00        129.685        235.923            98.487
 1400.00        133.027        245.659           111.627
 1500.00        135.937        254.939           125.078
 1600.00        138.478        263.795           138.802
 1700.00        140.705        272.258           152.763
 1800.00        142.662        280.357           166.934
 1900.00        144.388        288.118           181.288
 2000.00        145.915        295.564           195.805
 2100.00        147.271        302.716           210.466
 2200.00        148.479        309.596           225.254
 2300.00        149.559        316.220           240.157
 2400.00        150.527        322.606           255.162
 2500.00        151.397        328.769           270.259
 2600.00        152.183        334.722           285.439
 2700.00        152.893        340.479           300.693
 2800.00        153.537        346.052           316.015
 2900.00        154.124        351.450           331.399
 3000.00        154.658        356.684           346.838
 -----------------------------------------------------------------
1
 High temperature

     Input value
     ------------


 No.Points =   20    Gas constant=      1.9871     Enthalpy of formation=   -67.7377



 Cpo at To=       116.274     H-H298 at To=     61449.016     Sto at To=       203.608






     TEMP.          H-H298          Pred/Correct          Sto          Pred/Correct          Cpo          Pred/Correct
     -----          ------          ------------          ---          ------------          ---          ------------

       1100.0      73339.0781             0.9998          214.9370           0.9999          121.4023           0.9983
       1200.0      85706.4609             0.9996          225.6952           0.9999          125.8391           0.9979
       1300.0      98487.2188             0.9994          235.9232           0.9998          129.6852           0.9983
       1400.0     111626.6953             0.9993          245.6591           0.9997          133.0266           0.9990
       1500.0     125078.1797             0.9993          254.9385           0.9997          135.9368           0.9998
       1600.0     138801.7813             0.9994          263.7946           0.9997          138.4785           1.0005
       1700.0     152763.3750             0.9995          272.2581           0.9998          140.7052           1.0010
       1800.0     166933.8281             0.9997          280.3572           0.9998          142.6623           1.0014
       1900.0     181288.1406             0.9998          288.1178           0.9999          144.3882           1.0015
       2000.0     195804.8438             0.9999          295.5635           0.9999          145.9154           1.0013
       2100.0     210465.5000             1.0000          302.7162           0.9999          147.2714           1.0010
       2200.0     225254.1875             1.0001          309.5957           0.9999          148.4793           1.0006
       2300.0     240157.0938             1.0001          316.2201           0.9999          149.5589           1.0001
       2400.0     255162.2656             1.0001          322.6061           0.9999          150.5269           0.9996
       2500.0     270259.2188             1.0000          328.7689           0.9999          151.3974           0.9992
       2600.0     285438.8750             1.0000          334.7224           0.9999          152.1827           0.9990
       2700.0     300693.2500             0.9999          340.4793           0.9999          152.8930           0.9990
       2800.0     316015.3125             0.9999          346.0515           0.9999          153.5374           0.9994
       2900.0     331398.8125             0.9999          351.4497           0.9999          154.1235           1.0001
       3000.0     346838.2500             0.9999          356.6839           0.9999          154.6579           1.0014
     -----------------------------------------------------------------------------------------------------------------




     Least square coefficients
     -------------------------
     A(1)=  0.13411168E+02

     A(2)=  0.68473645E-01

     A(3)= -0.28147040E-04

     A(4)=  0.50809805E-08

     A(5)= -0.30563638E-12

     A6=-0.42639457E+05

     A7=-0.46195854E+02

     Lambdao= 0.37786606E+00

     Lambda1= 0.12607999E+00

     Lambda2= 0.38461676E+00


     -----------------------------------------------------------------------------------------------------------------
     NER= 1
     -----------------------------------------------------------------------------------------------------------------
1
     1100. K to     3000. K
 0.13411168E+02 0.68473645E-01-0.28147040E-04 0.50809805E-08-0.30563638E-12
-0.42639457E+05-0.46195854E+02
                               0.13411168E+02 0.68473645E-01-0.28147040E-04
 0.50809805E-08-0.30563638E-12-0.42639457E+05-0.46195854E+02



 Low temperature


     Input value
     ------------


 No.Points =   15    Gas constant=      1.9871     Enthalpy of formation=   -67.7377



 Cpo at To=       116.274     H-H298 at To=     61449.016     Sto at To=       203.608






     TEMP.          H-H298          Pred/Correct          Sto          Pred/Correct          Cpo          Pred/Correct
     -----          ------          ------------          ---          ------------          ---          ------------

        300.0         87.0844             0.9479          106.4901           0.9998           47.2034           0.9975
        350.0       2626.0403             0.9992          114.3035           0.9999           54.3742           1.0026
        400.0       5523.5190             1.0008          122.0310           1.0001           61.4899           1.0017
        450.0       8769.6846             1.0008          129.6700           1.0001           68.2894           0.9999
        500.0      12344.9150             1.0004          137.1979           1.0001           74.6394           0.9990
        500.0      12344.9150             1.0004          137.1979           1.0001           74.6394           0.9990
        550.0      16225.4336             1.0001          144.5905           1.0000           80.4997           0.9991
        600.0      20386.9336             0.9999          151.8291           1.0000           85.8835           0.9996
        650.0      24806.4453             0.9999          158.9014           1.0000           90.8271           1.0003
        700.0      29463.0273             1.0000          165.8011           1.0000           95.3734           1.0007
        750.0      34337.8516             1.0001          172.5260           1.0000           99.5635           1.0007
        800.0      39414.0508             1.0002          179.0769           1.0000          103.4339           1.0004
        850.0      44676.4297             1.0002          185.4564           1.0000          107.0155           0.9999
        900.0      50111.2305             1.0001          191.6684           1.0000          110.3348           0.9994
        950.0      55705.9180             1.0000          197.7174           1.0000          113.4145           0.9993
     -----------------------------------------------------------------------------------------------------------------




     Least square coefficients
     -------------------------
     A(1)= -0.85607719E+00

     A(2)=  0.82585789E-01

     A(3)=  0.16081098E-04

     A(4)= -0.71620946E-07

     A(5)=  0.32323241E-10

     A6=-0.37521293E+05

     A7= 0.33542625E+02

     Lambdao= 0.37182771E-01

     Lambda1=-0.32927945E-01

     Lambda2=-0.10260560E-01


     -----------------------------------------------------------------------------------------------------------------
     NER= 1
     -----------------------------------------------------------------------------------------------------------------
1
      300. K to      950. K
-0.85607719E+00 0.82585789E-01 0.16081098E-04-0.71620946E-07 0.32323241E-10
-0.37521293E+05 0.33542625E+02
                              -0.85607719E+00 0.82585789E-01 0.16081098E-04
-0.71620946E-07 0.32323241E-10-0.37521293E+05 0.33542625E+02
