 C9H19O2          Molecular weight =159.249

 Heat of formation at 298K =  -35.815 (kcal/mol)

 B =   0.030 cm?1     Symmetric number =  1

 Internal rotation
 ===================================================
  No      Br       sigma    dim      Vr(kcal/mol)
 ===================================================


 Vibrational Frequencies (cm^-1)
 -------------------------------
         24.
         35.
         36.
         79.
         98.
        145.
        196.
        216.
        228.
        230.
        231.
        247.
        261.
        278.
        305.
        336.
        372.
        411.
        420.
        455.
        484.
        593.
        659.
        795.
        808.
        845.
        879.
        927.
        928.
        929.
        941.
        957.
        965.
        969.
       1046.
       1082.
       1095.
       1122.
       1161.
       1177.
       1185.
       1194.
       1244.
       1275.
       1313.
       1331.
       1337.
       1351.
       1355.
       1379.
       1390.
       1395.
       1401.
       1411.
       1419.
       1430.
       1474.
       1486.
       1490.
       1491.
       1497.
       1503.
       1505.
       1509.
       1513.
       2991.
       3008.
       3009.
       3011.
       3015.
       3016.
       3020.
       3038.
       3066.
       3070.
       3078.
       3081.
       3083.
       3084.
       3087.
       3089.
       3092.
       3144.
       3767.
 -------------------------------


1
   T(K)       Cp(cal/mol/K)   S(cal/mol/K)  [H(T)-H(298K)](kcal/mol)
 -----------------------------------------------------------------
   50.00          0.000          0.000            -9.694
  100.00         27.077         80.682            -8.343
  200.00         42.360        104.446            -4.828
  298.15         56.211        123.902             0.000
  300.00         56.482        124.250             0.104
  350.00         63.856        133.511             3.113
  400.00         71.092        142.513             6.488
  450.00         77.966        151.287            10.216
  500.00         84.368        159.838            14.276
  500.00         84.368        159.838            14.276
  550.00         90.267        168.159            18.644
  600.00         95.685        176.249            23.295
  650.00        100.662        184.108            28.205
  700.00        105.242        191.737            33.354
  750.00        109.468        199.144            38.724
  800.00        113.378        206.336            44.296
  850.00        117.002        213.319            50.057
  900.00        120.366        220.103            55.992
  950.00        123.494        226.696            62.089
 1000.00        126.403        233.105            68.338
 1100.00        131.635        245.404            81.246
 1200.00        136.178        257.057            94.642
 1300.00        140.128        268.117           108.462
 1400.00        143.571        278.630           122.650
 1500.00        146.577        288.641           137.161
 1600.00        149.209        298.186           151.953
 1700.00        151.520        307.303           166.992
 1800.00        153.555        316.022           182.248
 1900.00        155.352        324.374           197.695
 2000.00        156.945        332.384           213.312
 2100.00        158.361        340.076           229.079
 2200.00        159.625        347.473           244.979
 2300.00        160.755        354.594           260.999
 2400.00        161.769        361.457           277.126
 2500.00        162.682        368.080           293.349
 2600.00        163.506        374.477           309.660
 2700.00        164.253        380.662           326.048
 2800.00        164.930        386.647           342.508
 2900.00        165.546        392.446           359.032
 3000.00        166.109        398.068           375.615
 -----------------------------------------------------------------
1
 High temperature

     Input value
     ------------


 No.Points =   20    Gas constant=      1.9871     Enthalpy of formation=   -35.8154



 Cpo at To=       126.403     H-H298 at To=     68337.625     Sto at To=       233.105






     TEMP.          H-H298          Pred/Correct          Sto          Pred/Correct          Cpo          Pred/Correct
     -----          ------          ------------          ---          ------------          ---          ------------

       1100.0      81245.7500             0.9998          245.4041           0.9999          131.6351           0.9979
       1200.0      94641.6875             0.9995          257.0572           0.9998          136.1776           0.9974
       1300.0     108461.5547             0.9992          268.1169           0.9997          140.1284           0.9977
       1400.0     122650.4453             0.9991          278.6304           0.9997          143.5709           0.9986
       1500.0     137161.2031             0.9991          288.6406           0.9997          146.5772           0.9996
       1600.0     151953.4063             0.9992          298.1864           0.9997          149.2091           1.0005
       1700.0     166992.3438             0.9993          307.3030           0.9997          151.5199           1.0013
       1800.0     182248.1875             0.9995          316.0224           0.9998          153.5547           1.0018
       1900.0     197695.3750             0.9997          324.3738           0.9998          155.3522           1.0019
       2000.0     213311.8125             0.9999          332.3837           0.9999          156.9451           1.0018
       2100.0     229078.5156             1.0000          340.0760           0.9999          158.3614           1.0015
       2200.0     244979.0000             1.0001          347.4727           0.9999          159.6246           1.0009
       2300.0     260999.0000             1.0001          354.5937           0.9999          160.7548           1.0002
       2400.0     277126.0938             1.0001          361.4572           0.9999          161.7691           0.9995
       2500.0     293349.4375             1.0000          368.0797           0.9999          162.6821           0.9989
       2600.0     309659.5625             1.0000          374.4765           0.9999          163.5064           0.9986
       2700.0     326048.1250             0.9999          380.6616           0.9999          164.2526           0.9985
       2800.0     342507.7813             0.9998          386.6475           0.9999          164.9299           0.9990
       2900.0     359032.0625             0.9998          392.4460           0.9999          165.5464           1.0001
       3000.0     375615.2500             0.9999          398.0679           0.9999          166.1087           1.0021
     -----------------------------------------------------------------------------------------------------------------




     Least square coefficients
     -------------------------
     A(1)=  0.21713312E+02

     A(2)=  0.59898015E-01

     A(3)= -0.20286236E-04

     A(4)=  0.22255018E-08

     A(5)=  0.59826710E-13

     A6=-0.29102309E+05

     A7=-0.83195572E+02

     Lambdao= 0.53312075E+00

     Lambda1= 0.17615946E+00

     Lambda2= 0.53768754E+00


     -----------------------------------------------------------------------------------------------------------------
     NER= 1
     -----------------------------------------------------------------------------------------------------------------
1
     1100. K to     3000. K
 0.21713312E+02 0.59898015E-01-0.20286236E-04 0.22255018E-08 0.59826710E-13
-0.29102309E+05-0.83195572E+02
                               0.21713312E+02 0.59898015E-01-0.20286236E-04
 0.22255018E-08 0.59826710E-13-0.29102309E+05-0.83195572E+02



 Low temperature


     Input value
     ------------


 No.Points =   15    Gas constant=      1.9871     Enthalpy of formation=   -35.8154



 Cpo at To=       126.403     H-H298 at To=     68337.625     Sto at To=       233.105






     TEMP.          H-H298          Pred/Correct          Sto          Pred/Correct          Cpo          Pred/Correct
     -----          ------          ------------          ---          ------------          ---          ------------

        300.0        104.2412             0.9697          124.2503           0.9999           56.4823           0.9984
        350.0       3112.6812             0.9997          133.5107           0.9999           63.8562           1.0019
        400.0       6487.5068             1.0007          142.5129           1.0000           71.0917           1.0011
        450.0      10215.7764             1.0006          151.2875           1.0001           77.9664           0.9998
        500.0      14276.2061             1.0003          159.8377           1.0000           84.3677           0.9992
        500.0      14276.2061             1.0003          159.8377           1.0000           84.3677           0.9992
        550.0      18644.1582             1.0000          168.1595           1.0000           90.2674           0.9993
        600.0      23294.9063             0.9999          176.2494           1.0000           95.6853           0.9998
        650.0      28205.3223             1.0000          184.1076           1.0000          100.6616           1.0004
        700.0      33354.4688             1.0001          191.7374           1.0000          105.2418           1.0007
        750.0      38723.6133             1.0001          199.1443           1.0000          109.4682           1.0007
        800.0      44296.0156             1.0002          206.3357           1.0000          113.3778           1.0004
        850.0      50056.6406             1.0002          213.3193           1.0000          117.0018           0.9998
        900.0      55991.8672             1.0001          220.1033           1.0000          120.3663           0.9994
        950.0      62089.3203             1.0000          226.6960           1.0000          123.4938           0.9993
     -----------------------------------------------------------------------------------------------------------------




     Least square coefficients
     -------------------------
     A(1)=  0.27021799E+01

     A(2)=  0.88970751E-01

     A(3)=  0.48792922E-05

     A(4)= -0.62823197E-07

     A(5)=  0.29881403E-10

     A6=-0.22718174E+05

     A7= 0.20700680E+02

     Lambdao= 0.46946011E-01

     Lambda1=-0.46890870E-01

     Lambda2=-0.13396479E-01


     -----------------------------------------------------------------------------------------------------------------
     NER= 1
     -----------------------------------------------------------------------------------------------------------------
1
      300. K to      950. K
 0.27021799E+01 0.88970751E-01 0.48792922E-05-0.62823197E-07 0.29881403E-10
-0.22718174E+05 0.20700680E+02
                               0.27021799E+01 0.88970751E-01 0.48792922E-05
-0.62823197E-07 0.29881403E-10-0.22718174E+05 0.20700680E+02
