 C9H19O2          Molecular weight =159.249

 Heat of formation at 298K =  -40.310 (kcal/mol)

 B =   0.032 cm?1     Symmetric number =  1

 Internal rotation
 ===================================================
  No      Br       sigma    dim      Vr(kcal/mol)
 ===================================================


 Vibrational Frequencies (cm^-1)
 -------------------------------
         22.
         33.
         52.
        104.
        145.
        182.
        194.
        220.
        226.
        228.
        250.
        260.
        268.
        315.
        334.
        364.
        377.
        386.
        431.
        446.
        462.
        525.
        598.
        740.
        806.
        842.
        855.
        869.
        918.
        926.
        932.
        938.
        965.
        968.
        998.
       1028.
       1096.
       1120.
       1148.
       1186.
       1189.
       1195.
       1230.
       1242.
       1278.
       1313.
       1330.
       1357.
       1363.
       1368.
       1393.
       1401.
       1411.
       1415.
       1424.
       1463.
       1471.
       1483.
       1489.
       1491.
       1494.
       1496.
       1506.
       1511.
       1515.
       2935.
       2986.
       3012.
       3012.
       3016.
       3023.
       3034.
       3041.
       3055.
       3071.
       3078.
       3083.
       3087.
       3098.
       3108.
       3116.
       3119.
       3132.
       3781.
 -------------------------------


1
   T(K)       Cp(cal/mol/K)   S(cal/mol/K)  [H(T)-H(298K)](kcal/mol)
 -----------------------------------------------------------------
   50.00          0.000          0.000            -9.557
  100.00         25.937         78.605            -8.305
  200.00         42.279        101.916            -4.849
  298.15         56.630        121.451             0.000
  300.00         56.906        121.802             0.105
  350.00         64.364        131.135             3.137
  400.00         71.624        140.207             6.538
  450.00         78.490        149.044            10.293
  500.00         84.865        157.649            14.379
  500.00         84.865        157.649            14.379
  550.00         90.731        166.016            18.771
  600.00         96.112        174.145            23.444
  650.00        101.052        182.036            28.375
  700.00        105.598        189.693            33.543
  750.00        109.792        197.124            38.929
  800.00        113.673        204.335            44.517
  850.00        117.270        211.336            50.291
  900.00        120.611        218.134            56.239
  950.00        123.717        224.740            62.348
 1000.00        126.607        231.160            68.607
 1100.00        131.806        243.477            81.534
 1200.00        136.322        255.143            94.946
 1300.00        140.252        266.214           108.779
 1400.00        143.677        276.736           122.979
 1500.00        146.669        286.753           137.500
 1600.00        149.289        296.304           152.301
 1700.00        151.590        305.425           167.347
 1800.00        153.617        314.149           182.610
 1900.00        155.408        322.503           198.063
 2000.00        156.995        330.516           213.685
 2100.00        158.406        338.210           229.456
 2200.00        159.665        345.609           245.361
 2300.00        160.792        352.732           261.385
 2400.00        161.803        359.597           277.515
 2500.00        162.713        366.221           293.742
 2600.00        163.535        372.619           310.055
 2700.00        164.279        378.805           326.446
 2800.00        164.954        384.791           342.908
 2900.00        165.569        390.591           359.435
 3000.00        166.130        396.213           376.020
 -----------------------------------------------------------------
1
 High temperature

     Input value
     ------------


 No.Points =   20    Gas constant=      1.9871     Enthalpy of formation=   -40.3096



 Cpo at To=       126.607     H-H298 at To=     68607.383     Sto at To=       231.160






     TEMP.          H-H298          Pred/Correct          Sto          Pred/Correct          Cpo          Pred/Correct
     -----          ------          ------------          ---          ------------          ---          ------------

       1100.0      81534.1797             0.9998          243.4766           0.9999          131.8061           0.9982
       1200.0      94945.8594             0.9996          255.1434           0.9999          136.3223           0.9978
       1300.0     108779.0938             0.9994          266.2138           0.9998          140.2518           0.9981
       1400.0     122979.4297             0.9993          276.7358           0.9997          143.6771           0.9988
       1500.0     137500.0781             0.9993          286.7529           0.9997          146.6692           0.9997
       1600.0     152300.8750             0.9993          296.3042           0.9997          149.2895           1.0004
       1700.0     167347.3281             0.9995          305.4253           0.9998          151.5905           1.0010
       1800.0     182609.8438             0.9996          314.1486           0.9998          153.6172           1.0014
       1900.0     198062.8906             0.9998          322.5032           0.9998          155.4078           1.0016
       2000.0     213684.6094             0.9999          330.5157           0.9999          156.9949           1.0015
       2100.0     229456.0469             1.0000          338.2104           0.9999          158.4062           1.0012
       2200.0     245360.7969             1.0001          345.6090           0.9999          159.6651           1.0007
       2300.0     261384.6406             1.0001          352.7317           0.9999          160.7916           1.0002
       2400.0     277515.2813             1.0001          359.5967           0.9999          161.8027           0.9996
       2500.0     293741.8438             1.0000          366.2206           0.9999          162.7129           0.9992
       2600.0     310054.9063             1.0000          372.6186           0.9999          163.5347           0.9989
       2700.0     326446.1875             0.9999          378.8046           0.9999          164.2787           0.9989
       2800.0     342908.3750             0.9999          384.7914           0.9999          164.9541           0.9992
       2900.0     359434.9688             0.9999          390.5908           0.9999          165.5687           1.0001
       3000.0     376020.3125             0.9999          396.2134           0.9999          166.1295           1.0016
     -----------------------------------------------------------------------------------------------------------------




     Least square coefficients
     -------------------------
     A(1)=  0.20009480E+02

     A(2)=  0.64510971E-01

     A(3)= -0.24413916E-04

     A(4)=  0.37444283E-08

     A(5)= -0.13804990E-12

     A6=-0.30795111E+05

     A7=-0.75410797E+02

     Lambdao= 0.45304063E+00

     Lambda1= 0.14854030E+00

     Lambda2= 0.45342875E+00


     -----------------------------------------------------------------------------------------------------------------
     NER= 1
     -----------------------------------------------------------------------------------------------------------------
1
     1100. K to     3000. K
 0.20009480E+02 0.64510971E-01-0.24413916E-04 0.37444283E-08-0.13804990E-12
-0.30795111E+05-0.75410797E+02
                               0.20009480E+02 0.64510971E-01-0.24413916E-04
 0.37444283E-08-0.13804990E-12-0.30795111E+05-0.75410797E+02



 Low temperature


     Input value
     ------------


 No.Points =   15    Gas constant=      1.9871     Enthalpy of formation=   -40.3096



 Cpo at To=       126.607     H-H298 at To=     68607.383     Sto at To=       231.160






     TEMP.          H-H298          Pred/Correct          Sto          Pred/Correct          Cpo          Pred/Correct
     -----          ------          ------------          ---          ------------          ---          ------------

        300.0        105.0207             0.9668          121.8022           0.9999           56.9060           0.9983
        350.0       3137.0649             0.9995          131.1353           0.9999           64.3641           1.0018
        400.0       6538.0869             1.0006          140.2074           1.0000           71.6244           1.0011
        450.0      10292.8711             1.0006          149.0444           1.0001           78.4903           0.9999
        500.0      14378.8965             1.0003          157.6487           1.0000           84.8655           0.9993
        500.0      14378.8965             1.0003          157.6487           1.0000           84.8655           0.9993
        550.0      18770.9043             1.0000          166.0163           1.0000           90.7311           0.9993
        600.0      23443.9238             0.9999          174.1450           1.0000           96.1122           0.9998
        650.0      28374.7754             1.0000          182.0359           1.0000          101.0523           1.0003
        700.0      33542.5781             1.0000          189.6934           1.0000          105.5979           1.0006
        750.0      38928.7148             1.0001          197.1238           1.0000          109.7923           1.0006
        800.0      44516.5742             1.0002          204.3351           1.0000          113.6726           1.0003
        850.0      50291.2617             1.0001          211.3358           1.0000          117.2700           0.9999
        900.0      56239.3008             1.0001          218.1345           1.0000          120.6107           0.9995
        950.0      62348.4297             1.0000          224.7398           1.0000          123.7168           0.9994
     -----------------------------------------------------------------------------------------------------------------




     Least square coefficients
     -------------------------
     A(1)=  0.15633125E+01

     A(2)=  0.98283969E-01

     A(3)= -0.16748218E-04

     A(4)= -0.42081140E-07

     A(5)=  0.22695007E-10

     A6=-0.24900885E+05

     A7= 0.23971882E+02

     Lambdao= 0.35908923E-01

     Lambda1=-0.33331953E-01

     Lambda2=-0.10056768E-01


     -----------------------------------------------------------------------------------------------------------------
     NER= 1
     -----------------------------------------------------------------------------------------------------------------
1
      300. K to      950. K
 0.15633125E+01 0.98283969E-01-0.16748218E-04-0.42081140E-07 0.22695007E-10
-0.24900885E+05 0.23971882E+02
                               0.15633125E+01 0.98283969E-01-0.16748218E-04
-0.42081140E-07 0.22695007E-10-0.24900885E+05 0.23971882E+02
