 C3H6             Molecular weight = 42.081

 Heat of formation at 298K =    4.554 (kcal/mol)

 B =   0.716 cm?1     Symmetric number =  1

 Internal rotation
 ===================================================
  No      Br       sigma    dim      Vr(kcal/mol)
 ===================================================


 Vibrational Frequencies (cm^-1)
 -------------------------------
        205.
        425.
        591.
        924.
        942.
        948.
       1030.
       1071.
       1189.
       1327.
       1408.
       1449.
       1481.
       1495.
       1713.
       3013.
       3056.
       3092.
       3120.
       3127.
       3208.
 -------------------------------


1
   T(K)       Cp(cal/mol/K)   S(cal/mol/K)  [H(T)-H(298K)](kcal/mol)
 -----------------------------------------------------------------
   50.00          0.000          0.000            -2.762
  100.00          9.152         49.931            -2.329
  200.00         11.605         56.986            -1.297
  298.15         14.982         62.219             0.000
  300.00         15.053         62.311             0.028
  350.00         17.016         64.779             0.829
  400.00         18.981         67.179             1.729
  450.00         20.872         69.525             2.726
  500.00         22.650         71.817             3.815
  500.00         22.650         71.817             3.815
  550.00         24.304         74.055             4.989
  600.00         25.837         76.236             6.243
  650.00         27.257         78.361             7.571
  700.00         28.574         80.430             8.967
  750.00         29.800         82.443            10.427
  800.00         30.942         84.403            11.946
  850.00         32.007         86.312            13.520
  900.00         33.002         88.169            15.145
  950.00         33.932         89.979            16.819
 1000.00         34.802         91.742            18.537
 1100.00         36.374         95.134            22.098
 1200.00         37.749         98.359            25.806
 1300.00         38.950        101.430            29.642
 1400.00         40.001        104.355            33.591
 1500.00         40.922        107.147            37.638
 1600.00         41.730        109.815            41.771
 1700.00         42.441        112.366            45.981
 1800.00         43.069        114.810            50.257
 1900.00         43.623        117.154            54.592
 2000.00         44.115        119.405            58.979
 2100.00         44.553        121.568            63.413
 2200.00         44.944        123.650            67.888
 2300.00         45.294        125.655            72.401
 2400.00         45.608        127.590            76.946
 2500.00         45.891        129.457            81.521
 2600.00         46.147        131.262            86.123
 2700.00         46.379        133.008            90.750
 2800.00         46.589        134.699            95.398
 2900.00         46.780        136.337           100.067
 3000.00         46.955        137.926           104.754
 -----------------------------------------------------------------
1
 High temperature

     Input value
     ------------


 No.Points =   20    Gas constant=      1.9871     Enthalpy of formation=     4.5542



 Cpo at To=        34.802     H-H298 at To=     18537.301     Sto at To=        91.742






     TEMP.          H-H298          Pred/Correct          Sto          Pred/Correct          Cpo          Pred/Correct
     -----          ------          ------------          ---          ------------          ---          ------------

       1100.0      22097.8574             0.9998           95.1343           1.0000           36.3742           0.9982
       1200.0      25805.5449             0.9996           98.3595           0.9999           37.7487           0.9977
       1300.0      29641.8340             0.9993          101.4295           0.9998           38.9502           0.9980
       1400.0      33590.5820             0.9992          104.3554           0.9998           40.0014           0.9987
       1500.0      37637.7773             0.9992          107.1473           0.9998           40.9223           0.9996
       1600.0      41771.2813             0.9993          109.8147           0.9998           41.7305           1.0004
       1700.0      45980.6328             0.9994          112.3664           0.9998           42.4415           1.0011
       1800.0      50256.7852             0.9996          114.8104           0.9998           43.0686           1.0015
       1900.0      54591.9375             0.9997          117.1542           0.9999           43.6233           1.0017
       2000.0      58979.3555             0.9999          119.4045           0.9999           44.1154           1.0016
       2100.0      63413.2109             1.0000          121.5677           0.9999           44.5533           1.0013
       2200.0      67888.4531             1.0001          123.6495           1.0000           44.9442           1.0008
       2300.0      72400.6875             1.0001          125.6552           1.0000           45.2942           1.0002
       2400.0      76946.1016             1.0001          127.5897           1.0000           45.6084           0.9996
       2500.0      81521.3359             1.0000          129.4574           1.0000           45.8915           0.9991
       2600.0      86123.4766             1.0000          131.2623           0.9999           46.1471           0.9988
       2700.0      90749.9375             0.9999          133.0083           0.9999           46.3785           0.9988
       2800.0      95398.4766             0.9999          134.6989           0.9999           46.5887           0.9992
       2900.0     100067.0625             0.9999          136.3371           0.9999           46.7800           1.0001
       3000.0     104753.9297             0.9999          137.9260           0.9999           46.9546           1.0017
     -----------------------------------------------------------------------------------------------------------------




     Least square coefficients
     -------------------------
     A(1)=  0.44833632E+01

     A(2)=  0.19004909E-01

     A(3)= -0.69345911E-05

     A(4)=  0.98424080E-09

     A(5)= -0.24577579E-13

     A6=-0.29502393E+03

     A7=-0.66196060E+00

     Lambdao= 0.12785290E+00

     Lambda1= 0.42151224E-01

     Lambda2= 0.12866229E+00


     -----------------------------------------------------------------------------------------------------------------
     NER= 1
     -----------------------------------------------------------------------------------------------------------------
1
     1100. K to     3000. K
 0.44833632E+01 0.19004909E-01-0.69345911E-05 0.98424080E-09-0.24577579E-13
-0.29502393E+03-0.66196060E+00
                               0.44833632E+01 0.19004909E-01-0.69345911E-05
 0.98424080E-09-0.24577579E-13-0.29502393E+03-0.66196060E+00



 Low temperature


     Input value
     ------------


 No.Points =   15    Gas constant=      1.9871     Enthalpy of formation=     4.5542



 Cpo at To=        34.802     H-H298 at To=     18537.301     Sto at To=        91.742






     TEMP.          H-H298          Pred/Correct          Sto          Pred/Correct          Cpo          Pred/Correct
     -----          ------          ------------          ---          ------------          ---          ------------

        300.0         27.7822             0.9589           62.3114           0.9999           15.0530           0.9978
        350.0        829.2705             0.9994           64.7785           1.0000           17.0156           1.0022
        400.0       1729.3624             1.0008           67.1794           1.0000           18.9808           1.0014
        450.0       2726.0867             1.0007           69.5252           1.0000           20.8717           0.9999
        500.0       3814.6387             1.0003           71.8173           1.0000           22.6501           0.9991
        500.0       3814.6387             1.0003           71.8173           1.0000           22.6501           0.9991
        550.0       4989.0156             1.0000           74.0547           1.0000           24.3042           0.9992
        600.0       6243.0298             0.9999           76.2360           1.0000           25.8367           0.9998
        650.0       7570.8091             1.0000           78.3608           1.0000           27.2565           1.0003
        700.0       8966.9814             1.0000           80.4296           1.0000           28.5742           1.0007
        750.0      10426.6934             1.0001           82.4433           1.0000           29.7997           1.0007
        800.0      11945.5557             1.0002           84.4034           1.0000           30.9415           1.0004
        850.0      13519.5732             1.0002           86.3115           1.0000           32.0070           0.9999
        900.0      15145.0850             1.0001           88.1695           1.0000           33.0022           0.9994
        950.0      16818.7090             1.0000           89.9790           1.0000           33.9323           0.9993
     -----------------------------------------------------------------------------------------------------------------




     Least square coefficients
     -------------------------
     A(1)=  0.10656071E+01

     A(2)=  0.21007495E-01

     A(3)=  0.77818213E-05

     A(4)= -0.21682192E-07

     A(5)=  0.93406090E-11

     A6= 0.10095325E+04

     A7= 0.18800461E+02

     Lambdao= 0.12673251E-01

     Lambda1=-0.12016054E-01

     Lambda2=-0.35338867E-02


     -----------------------------------------------------------------------------------------------------------------
     NER= 1
     -----------------------------------------------------------------------------------------------------------------
1
      300. K to      950. K
 0.10656071E+01 0.21007495E-01 0.77818213E-05-0.21682192E-07 0.93406090E-11
 0.10095325E+04 0.18800461E+02
                               0.10656071E+01 0.21007495E-01 0.77818213E-05
-0.21682192E-07 0.93406090E-11 0.10095325E+04 0.18800461E+02
