 C9H19O2          Molecular weight =159.249

 Heat of formation at 298K =  -38.637 (kcal/mol)

 B =   0.028 cm?1     Symmetric number =  1

 Internal rotation
 ===================================================
  No      Br       sigma    dim      Vr(kcal/mol)
 ===================================================


 Vibrational Frequencies (cm^-1)
 -------------------------------
         33.
         47.
         67.
         81.
         93.
        118.
        128.
        159.
        192.
        199.
        225.
        240.
        252.
        256.
        276.
        349.
        371.
        413.
        424.
        466.
        551.
        561.
        745.
        797.
        830.
        888.
        930.
        935.
        942.
        950.
        963.
        976.
        994.
        996.
       1028.
       1044.
       1055.
       1140.
       1157.
       1192.
       1223.
       1249.
       1280.
       1299.
       1314.
       1334.
       1358.
       1369.
       1371.
       1385.
       1395.
       1402.
       1403.
       1416.
       1421.
       1471.
       1474.
       1479.
       1488.
       1490.
       1494.
       1497.
       1503.
       1507.
       1513.
       2936.
       2946.
       2985.
       3001.
       3013.
       3017.
       3019.
       3021.
       3024.
       3028.
       3058.
       3072.
       3076.
       3079.
       3080.
       3086.
       3090.
       3093.
       3745.
 -------------------------------


1
   T(K)       Cp(cal/mol/K)   S(cal/mol/K)  [H(T)-H(298K)](kcal/mol)
 -----------------------------------------------------------------
   50.00          0.000          0.000            -9.825
  100.00         28.591         80.250            -8.425
  200.00         42.653        104.669            -4.822
  298.15         55.904        124.112             0.000
  300.00         56.169        124.459             0.104
  350.00         63.410        133.660             3.093
  400.00         70.582        142.598             6.443
  450.00         77.438        151.311            10.146
  500.00         83.851        159.806            14.180
  500.00         83.851        159.806            14.180
  550.00         89.781        168.080            18.523
  600.00         95.240        176.129            23.150
  650.00        100.262        183.953            28.039
  700.00        104.889        191.555            33.170
  750.00        109.162        198.939            38.522
  800.00        113.115        206.112            44.081
  850.00        116.779        213.081            49.829
  900.00        120.180        219.854            55.754
  950.00        123.341        226.437            61.843
 1000.00        126.279        232.839            68.084
 1100.00        131.558        245.129            80.983
 1200.00        136.136        256.777            94.373
 1300.00        140.113        267.834           108.190
 1400.00        143.575        278.347           122.378
 1500.00        146.595        288.358           136.890
 1600.00        149.236        297.905           151.685
 1700.00        151.553        307.024           166.726
 1800.00        153.592        315.745           181.986
 1900.00        155.392        324.099           197.437
 2000.00        156.987        332.111           213.057
 2100.00        158.403        339.805           228.828
 2200.00        159.666        347.204           244.733
 2300.00        160.796        354.326           260.757
 2400.00        161.810        361.192           276.888
 2500.00        162.722        367.816           293.116
 2600.00        163.545        374.214           309.430
 2700.00        164.290        380.401           325.822
 2800.00        164.966        386.388           342.285
 2900.00        165.581        392.188           358.813
 3000.00        166.142        397.811           375.400
 -----------------------------------------------------------------
1
 High temperature

     Input value
     ------------


 No.Points =   20    Gas constant=      1.9871     Enthalpy of formation=   -38.6367



 Cpo at To=       126.279     H-H298 at To=     68084.438     Sto at To=       232.839






     TEMP.          H-H298          Pred/Correct          Sto          Pred/Correct          Cpo          Pred/Correct
     -----          ------          ------------          ---          ------------          ---          ------------

       1100.0      80982.6016             0.9998          245.1285           0.9999          131.5582           0.9981
       1200.0      94372.7266             0.9995          256.7766           0.9998          136.1363           0.9976
       1300.0     108189.8438             0.9993          267.8340           0.9998          140.1133           0.9980
       1400.0     122378.2188             0.9992          278.3472           0.9997          143.5748           0.9987
       1500.0     136890.0938             0.9992          288.3581           0.9997          146.5946           0.9996
       1600.0     151684.5313             0.9993          297.9053           0.9997          149.2360           1.0005
       1700.0     166726.5000             0.9994          307.0237           0.9997          151.5531           1.0011
       1800.0     181985.8906             0.9996          315.7452           0.9998          153.5921           1.0016
       1900.0     197436.9688             0.9997          324.0987           0.9998          155.3922           1.0017
       2000.0     213057.4531             0.9999          332.1107           0.9999          156.9865           1.0016
       2100.0     228828.3281             1.0000          339.8050           0.9999          158.4033           1.0013
       2200.0     244733.0156             1.0001          347.2036           0.9999          159.6664           1.0008
       2300.0     260757.1719             1.0001          354.3265           0.9999          160.7961           1.0002
       2400.0     276888.3750             1.0001          361.1917           0.9999          161.8096           0.9996
       2500.0     293115.7188             1.0000          367.8159           0.9999          162.7216           0.9991
       2600.0     309429.7188             1.0000          374.2143           0.9999          163.5447           0.9988
       2700.0     325822.0313             0.9999          380.4007           0.9999          164.2897           0.9988
       2800.0     342285.3438             0.9999          386.3879           0.9999          164.9657           0.9992
       2900.0     358813.1563             0.9999          392.1877           0.9999          165.5808           1.0001
       3000.0     375399.7188             0.9999          397.8107           0.9999          166.1419           1.0017
     -----------------------------------------------------------------------------------------------------------------




     Least square coefficients
     -------------------------
     A(1)=  0.19491291E+02

     A(2)=  0.64754397E-01

     A(3)= -0.24133828E-04

     A(4)=  0.35390701E-08

     A(5)= -0.10309431E-12

     A6=-0.29868941E+05

     A7=-0.71309998E+02

     Lambdao= 0.48341638E+00

     Lambda1= 0.15892395E+00

     Lambda2= 0.48539114E+00


     -----------------------------------------------------------------------------------------------------------------
     NER= 1
     -----------------------------------------------------------------------------------------------------------------
1
     1100. K to     3000. K
 0.19491291E+02 0.64754397E-01-0.24133828E-04 0.35390701E-08-0.10309431E-12
-0.29868941E+05-0.71309998E+02
                               0.19491291E+02 0.64754397E-01-0.24133828E-04
 0.35390701E-08-0.10309431E-12-0.29868941E+05-0.71309998E+02



 Low temperature


     Input value
     ------------


 No.Points =   15    Gas constant=      1.9871     Enthalpy of formation=   -38.6367



 Cpo at To=       126.279     H-H298 at To=     68084.438     Sto at To=       232.839






     TEMP.          H-H298          Pred/Correct          Sto          Pred/Correct          Cpo          Pred/Correct
     -----          ------          ------------          ---          ------------          ---          ------------

        300.0        103.6669             0.9620          124.4588           0.9999           56.1687           0.9981
        350.0       3092.7666             0.9995          133.6599           0.9999           63.4100           1.0020
        400.0       6443.4487             1.0007          142.5976           1.0000           70.5816           1.0013
        450.0      10145.6074             1.0007          151.3107           1.0001           77.4382           0.9999
        500.0      14179.8271             1.0003          159.8057           1.0000           83.8513           0.9992
        500.0      14179.8271             1.0003          159.8057           1.0000           83.8513           0.9992
        550.0      18522.6523             1.0000          168.0796           1.0000           89.7811           0.9992
        600.0      23150.0742             0.9999          176.1289           1.0000           95.2397           0.9997
        650.0      28039.3438             0.9999          183.9532           1.0000          100.2618           1.0003
        700.0      33169.6758             1.0000          191.5551           1.0000          104.8892           1.0007
        750.0      38522.3516             1.0001          198.9393           1.0000          109.1618           1.0007
        800.0      44080.5273             1.0002          206.1123           1.0000          113.1150           1.0004
        850.0      49829.0352             1.0002          213.0812           1.0000          116.7792           0.9999
        900.0      55754.0742             1.0001          219.8535           1.0000          120.1804           0.9994
        950.0      61843.0586             1.0000          226.4371           1.0000          123.3405           0.9993
     -----------------------------------------------------------------------------------------------------------------




     Least square coefficients
     -------------------------
     A(1)=  0.36369679E+01

     A(2)=  0.82178161E-01

     A(3)=  0.18130131E-04

     A(4)= -0.73154240E-07

     A(5)=  0.32756808E-10

     A6=-0.24213129E+05

     A7= 0.17001522E+02

     Lambdao= 0.41108996E-01

     Lambda1=-0.38826376E-01

     Lambda2=-0.11686962E-01


     -----------------------------------------------------------------------------------------------------------------
     NER= 1
     -----------------------------------------------------------------------------------------------------------------
1
      300. K to      950. K
 0.36369679E+01 0.82178161E-01 0.18130131E-04-0.73154240E-07 0.32756808E-10
-0.24213129E+05 0.17001522E+02
                               0.36369679E+01 0.82178161E-01 0.18130131E-04
-0.73154240E-07 0.32756808E-10-0.24213129E+05 0.17001522E+02
