 C9H19O2          Molecular weight =159.249

 Heat of formation at 298K =  -38.881 (kcal/mol)

 B =   0.031 cm?1     Symmetric number =  1

 Internal rotation
 ===================================================
  No      Br       sigma    dim      Vr(kcal/mol)
 ===================================================


 Vibrational Frequencies (cm^-1)
 -------------------------------
         19.
         38.
         57.
         69.
        124.
        164.
        189.
        209.
        224.
        229.
        234.
        257.
        261.
        280.
        327.
        341.
        363.
        379.
        416.
        477.
        508.
        527.
        556.
        748.
        775.
        834.
        864.
        915.
        921.
        927.
        935.
        947.
        959.
        983.
       1027.
       1050.
       1085.
       1114.
       1127.
       1160.
       1188.
       1201.
       1231.
       1263.
       1278.
       1322.
       1332.
       1343.
       1359.
       1386.
       1394.
       1395.
       1408.
       1415.
       1425.
       1469.
       1479.
       1489.
       1489.
       1491.
       1493.
       1497.
       1503.
       1511.
       1518.
       2923.
       2985.
       3013.
       3018.
       3019.
       3030.
       3033.
       3043.
       3073.
       3077.
       3080.
       3089.
       3091.
       3096.
       3108.
       3113.
       3119.
       3122.
       3781.
 -------------------------------


1
   T(K)       Cp(cal/mol/K)   S(cal/mol/K)  [H(T)-H(298K)](kcal/mol)
 -----------------------------------------------------------------
   50.00          0.000          0.000            -9.711
  100.00         26.823         79.789            -8.398
  200.00         42.709        103.573            -4.876
  298.15         56.794        123.224             0.000
  300.00         57.067        123.576             0.105
  350.00         64.453        132.928             3.143
  400.00         71.667        142.009             6.548
  450.00         78.502        150.849            10.304
  500.00         84.858        159.453            14.390
  500.00         84.858        159.453            14.390
  550.00         90.711        167.819            18.781
  600.00         96.084        175.946            23.453
  650.00        101.019        183.835            28.382
  700.00        105.562        191.489            33.548
  750.00        109.754        198.917            38.933
  800.00        113.634        206.126            44.519
  850.00        117.231        213.124            50.291
  900.00        120.572        219.921            56.237
  950.00        123.678        226.524            62.345
 1000.00        126.569        232.942            68.602
 1100.00        131.770        245.255            81.525
 1200.00        136.288        256.919            94.933
 1300.00        140.220        267.987           108.763
 1400.00        143.647        278.507           122.960
 1500.00        146.641        288.522           137.478
 1600.00        149.264        298.071           152.276
 1700.00        151.566        307.191           167.320
 1800.00        153.595        315.913           182.580
 1900.00        155.387        324.266           198.031
 2000.00        156.976        332.278           213.651
 2100.00        158.388        339.972           229.420
 2200.00        159.648        347.369           245.323
 2300.00        160.776        354.491           261.346
 2400.00        161.788        361.356           277.475
 2500.00        162.699        367.979           293.700
 2600.00        163.522        374.377           310.012
 2700.00        164.267        380.562           326.402
 2800.00        164.943        386.549           342.863
 2900.00        165.558        392.347           359.388
 3000.00        166.119        397.970           375.972
 -----------------------------------------------------------------
1
 High temperature

     Input value
     ------------


 No.Points =   20    Gas constant=      1.9871     Enthalpy of formation=   -38.8808



 Cpo at To=       126.569     H-H298 at To=     68601.680     Sto at To=       232.942






     TEMP.          H-H298          Pred/Correct          Sto          Pred/Correct          Cpo          Pred/Correct
     -----          ------          ------------          ---          ------------          ---          ------------

       1100.0      81524.7734             0.9998          245.2555           1.0000          131.7700           0.9983
       1200.0      94932.9453             0.9996          256.9193           0.9999          136.2882           0.9979
       1300.0     108762.8750             0.9994          267.9870           0.9998          140.2198           0.9982
       1400.0     122960.1172             0.9993          278.5067           0.9997          143.6472           0.9989
       1500.0     137477.8906             0.9993          288.5218           0.9997          146.6414           0.9997
       1600.0     152276.0156             0.9994          298.0714           0.9997          149.2636           1.0004
       1700.0     167319.9688             0.9995          307.1910           0.9998          151.5665           1.0010
       1800.0     182580.1406             0.9996          315.9129           0.9998          153.5948           1.0014
       1900.0     198031.0781             0.9998          324.2664           0.9998          155.3871           1.0015
       2000.0     213650.7969             0.9999          332.2779           0.9999          156.9756           1.0014
       2100.0     229420.3438             1.0000          339.9716           0.9999          158.3882           1.0011
       2200.0     245323.3594             1.0001          347.3694           0.9999          159.6483           1.0007
       2300.0     261345.5781             1.0001          354.4914           1.0000          160.7759           1.0001
       2400.0     277474.6875             1.0001          361.3558           0.9999          161.7880           0.9996
       2500.0     293699.8438             1.0000          367.9791           0.9999          162.6991           0.9992
       2600.0     310011.5625             1.0000          374.3765           0.9999          163.5218           0.9989
       2700.0     326401.5938             0.9999          380.5621           0.9999          164.2666           0.9989
       2800.0     342862.5938             0.9999          386.5485           0.9999          164.9426           0.9993
       2900.0     359388.0938             0.9999          392.3474           0.9999          165.5580           1.0001
       3000.0     375972.3750             0.9999          397.9697           0.9999          166.1194           1.0015
     -----------------------------------------------------------------------------------------------------------------




     Least square coefficients
     -------------------------
     A(1)=  0.19535694E+02

     A(2)=  0.65572470E-01

     A(3)= -0.25287929E-04

     A(4)=  0.40500390E-08

     A(5)= -0.17639804E-12

     A6=-0.29913295E+05

     A7=-0.71957802E+02

     Lambdao= 0.42310384E+00

     Lambda1= 0.13958131E+00

     Lambda2= 0.42639112E+00


     -----------------------------------------------------------------------------------------------------------------
     NER= 1
     -----------------------------------------------------------------------------------------------------------------
1
     1100. K to     3000. K
 0.19535694E+02 0.65572470E-01-0.25287929E-04 0.40500390E-08-0.17639804E-12
-0.29913295E+05-0.71957802E+02
                               0.19535694E+02 0.65572470E-01-0.25287929E-04
 0.40500390E-08-0.17639804E-12-0.29913295E+05-0.71957802E+02



 Low temperature


     Input value
     ------------


 No.Points =   15    Gas constant=      1.9871     Enthalpy of formation=   -38.8808



 Cpo at To=       126.569     H-H298 at To=     68601.680     Sto at To=       232.942






     TEMP.          H-H298          Pred/Correct          Sto          Pred/Correct          Cpo          Pred/Correct
     -----          ------          ------------          ---          ------------          ---          ------------

        300.0        105.3223             0.9746          123.5759           0.9999           57.0672           0.9987
        350.0       3143.4988             0.9999          132.9280           0.9999           64.4532           1.0017
        400.0       6547.7188             1.0007          142.0087           1.0000           71.6666           1.0010
        450.0      10303.8018             1.0006          150.8488           1.0001           78.5023           0.9997
        500.0      14389.9004             1.0002          159.4532           1.0000           84.8580           0.9992
        500.0      14389.9004             1.0002          159.4532           1.0000           84.8580           0.9992
        550.0      18781.1973             1.0000          167.8195           1.0000           90.7111           0.9994
        600.0      23453.0039             0.9999          175.9461           1.0000           96.0843           0.9999
        650.0      28382.3223             1.0000          183.8346           1.0000          101.0193           1.0004
        700.0      33548.3945             1.0001          191.4895           1.0000          105.5619           1.0007
        750.0      38932.6797             1.0002          198.9173           1.0000          109.7544           1.0007
        800.0      44518.6250             1.0002          206.1262           1.0000          113.6338           1.0003
        850.0      50291.3555             1.0002          213.1245           1.0000          117.2310           0.9998
        900.0      56237.4492             1.0001          219.9209           1.0000          120.5718           0.9994
        950.0      62344.6328             1.0000          226.5241           1.0000          123.6782           0.9993
     -----------------------------------------------------------------------------------------------------------------




     Least square coefficients
     -------------------------
     A(1)=  0.27729301E+01

     A(2)=  0.90894297E-01

     A(3)= -0.22785156E-06

     A(4)= -0.58158424E-07

     A(5)=  0.28412921E-10

     A6=-0.24330545E+05

     A7= 0.19572182E+02

     Lambdao= 0.48745990E-01

     Lambda1=-0.49790040E-01

     Lambda2=-0.13970550E-01


     -----------------------------------------------------------------------------------------------------------------
     NER= 1
     -----------------------------------------------------------------------------------------------------------------
1
      300. K to      950. K
 0.27729301E+01 0.90894297E-01-0.22785156E-06-0.58158424E-07 0.28412921E-10
-0.24330545E+05 0.19572182E+02
                               0.27729301E+01 0.90894297E-01-0.22785156E-06
-0.58158424E-07 0.28412921E-10-0.24330545E+05 0.19572182E+02
