 C9H18O           Molecular weight =159.249

 Heat of formation at 298K =  -84.845 (kcal/mol)

 B =   0.047 cm?1     Symmetric number =  1

 Internal rotation
 ===================================================
  No      Br       sigma    dim      Vr(kcal/mol)
 ===================================================


 Vibrational Frequencies (cm^-1)
 -------------------------------
         65.
         81.
        167.
        209.
        217.
        225.
        242.
        261.
        295.
        308.
        393.
        412.
        425.
        448.
        484.
        518.
        596.
        790.
        835.
        873.
        877.
        915.
        933.
        947.
        967.
        970.
       1004.
       1015.
       1046.
       1090.
       1109.
       1114.
       1151.
       1169.
       1187.
       1205.
       1224.
       1256.
       1287.
       1321.
       1332.
       1340.
       1348.
       1359.
       1378.
       1389.
       1398.
       1399.
       1409.
       1419.
       1421.
       1481.
       1488.
       1491.
       1496.
       1498.
       1502.
       1503.
       1508.
       1518.
       2913.
       2942.
       2992.
       3006.
       3007.
       3016.
       3017.
       3018.
       3023.
       3047.
       3070.
       3071.
       3074.
       3078.
       3082.
       3084.
       3100.
       3124.
 -------------------------------


1
   T(K)       Cp(cal/mol/K)   S(cal/mol/K)  [H(T)-H(298K)](kcal/mol)
 -----------------------------------------------------------------
   50.00          0.000          0.000            -7.183
  100.00         19.011         68.284            -6.350
  200.00         32.055         85.614            -3.775
  298.15         45.206        100.798             0.000
  300.00         45.471        101.078             0.084
  350.00         52.746        108.632             2.539
  400.00         59.974        116.149             5.358
  450.00         66.896        123.617             8.531
  500.00         73.371        131.004            12.040
  500.00         73.371        131.004            12.040
  550.00         79.355        138.282            15.860
  600.00         84.857        145.426            19.967
  650.00         89.912        152.421            24.338
  700.00         94.559        159.256            28.952
  750.00         98.842        165.928            33.788
  800.00        102.795        172.435            38.830
  850.00        106.450        178.778            44.063
  900.00        109.835        184.960            49.471
  950.00        112.972        190.983            55.042
 1000.00        115.883        196.853            60.764
 1100.00        121.095        208.148            72.619
 1200.00        125.596        218.883            84.960
 1300.00        129.492        229.093            97.719
 1400.00        132.872        238.816           110.841
 1500.00        135.812        248.086           124.278
 1600.00        138.377        256.935           137.991
 1700.00        140.622        265.393           151.943
 1800.00        142.594        273.488           166.106
 1900.00        144.332        281.245           180.454
 2000.00        145.868        288.688           194.966
 2100.00        147.232        295.839           209.622
 2200.00        148.446        302.717           224.407
 2300.00        149.531        309.340           239.307
 2400.00        150.503        315.724           254.309
 2500.00        151.377        321.886           269.404
 2600.00        152.165        327.839           284.582
 2700.00        152.878        333.595           299.835
 2800.00        153.524        339.167           315.155
 2900.00        154.112        344.565           330.538
 3000.00        154.648        349.799           345.976
 -----------------------------------------------------------------
1
 High temperature

     Input value
     ------------


 No.Points =   20    Gas constant=      1.9871     Enthalpy of formation=   -84.8449



 Cpo at To=       115.883     H-H298 at To=     60764.188     Sto at To=       196.853






     TEMP.          H-H298          Pred/Correct          Sto          Pred/Correct          Cpo          Pred/Correct
     -----          ------          ------------          ---          ------------          ---          ------------

       1100.0      72619.4922             0.9998          208.1484           0.9999          121.0949           0.9981
       1200.0      84959.5078             0.9995          218.8828           0.9998          125.5963           0.9976
       1300.0      97718.5859             0.9993          229.0934           0.9997          129.4922           0.9980
       1400.0     110840.7656             0.9992          238.8165           0.9997          132.8721           0.9988
       1500.0     124278.3672             0.9992          248.0863           0.9997          135.8122           0.9997
       1600.0     137990.7188             0.9993          256.9351           0.9997          138.3773           1.0005
       1700.0     151943.1563             0.9994          265.3931           0.9997          140.6224           1.0012
       1800.0     166106.0938             0.9996          273.4878           0.9998          142.5941           1.0016
       1900.0     180454.2031             0.9998          281.2450           0.9998          144.3317           1.0017
       2000.0     194965.7188             0.9999          288.6881           0.9999          145.8683           1.0015
       2100.0     209622.0781             1.0000          295.8387           0.9999          147.2318           1.0012
       2200.0     224407.0938             1.0001          302.7165           0.9999          148.4459           1.0007
       2300.0     239306.9531             1.0001          309.3396           0.9999          149.5306           1.0001
       2400.0     254309.4844             1.0001          315.7244           0.9999          150.5027           0.9996
       2500.0     269404.2188             1.0000          321.8863           0.9999          151.3767           0.9991
       2600.0     284581.9688             1.0000          327.8390           0.9999          152.1649           0.9988
       2700.0     299834.6875             0.9999          333.5953           0.9999          152.8777           0.9988
       2800.0     315155.2813             0.9999          339.1670           0.9999          153.5241           0.9992
       2900.0     330537.5313             0.9999          344.5648           0.9999          154.1119           1.0002
       3000.0     345975.9375             0.9999          349.7986           0.9999          154.6478           1.0016
     -----------------------------------------------------------------------------------------------------------------




     Least square coefficients
     -------------------------
     A(1)=  0.13186424E+02

     A(2)=  0.67919552E-01

     A(3)= -0.27182707E-04

     A(4)=  0.46328852E-08

     A(5)= -0.23996162E-12

     A6=-0.51313754E+05

     A7=-0.47838058E+02

     Lambdao= 0.42797798E+00

     Lambda1= 0.14256792E+00

     Lambda2= 0.43510601E+00


     -----------------------------------------------------------------------------------------------------------------
     NER= 1
     -----------------------------------------------------------------------------------------------------------------
1
     1100. K to     3000. K
 0.13186424E+02 0.67919552E-01-0.27182707E-04 0.46328852E-08-0.23996162E-12
-0.51313754E+05-0.47838058E+02
                               0.13186424E+02 0.67919552E-01-0.27182707E-04
 0.46328852E-08-0.23996162E-12-0.51313754E+05-0.47838058E+02



 Low temperature


     Input value
     ------------


 No.Points =   15    Gas constant=      1.9871     Enthalpy of formation=   -84.8449



 Cpo at To=       115.883     H-H298 at To=     60764.188     Sto at To=       196.853






     TEMP.          H-H298          Pred/Correct          Sto          Pred/Correct          Cpo          Pred/Correct
     -----          ------          ------------          ---          ------------          ---          ------------

        300.0         83.8762             0.9504          101.0780           0.9998           45.4712           0.9975
        350.0       2538.7871             0.9993          108.6321           0.9999           52.7456           1.0026
        400.0       5357.6152             1.0009          116.1494           1.0001           59.9742           1.0016
        450.0       8531.0176             1.0008          123.6169           1.0001           66.8956           0.9999
        500.0      12039.6865             1.0004          131.0044           1.0001           73.3709           0.9990
        500.0      12039.6865             1.0004          131.0044           1.0001           73.3709           0.9990
        550.0      15859.8916             1.0001          138.2819           1.0000           79.3550           0.9991
        600.0      19967.1465             0.9999          145.4260           1.0000           84.8572           0.9997
        650.0      24338.1484             0.9999          152.4207           1.0000           89.9115           1.0003
        700.0      28951.5254             1.0000          159.2563           1.0000           94.5595           1.0008
        750.0      33788.0000             1.0001          165.9282           1.0000           98.8418           1.0008
        800.0      38830.2188             1.0002          172.4352           1.0000          102.7948           1.0004
        850.0      44062.5234             1.0002          178.7782           1.0001          106.4502           0.9999
        900.0      49470.7305             1.0001          184.9598           1.0000          109.8349           0.9994
        950.0      55041.8984             1.0000          190.9834           1.0000          112.9724           0.9993
     -----------------------------------------------------------------------------------------------------------------




     Least square coefficients
     -------------------------
     A(1)= -0.15548463E+01

     A(2)=  0.79872094E-01

     A(3)=  0.25991874E-04

     A(4)= -0.81896047E-07

     A(5)=  0.35903121E-10

     A6=-0.45869992E+05

     A7= 0.35258392E+02

     Lambdao= 0.43083072E-01

     Lambda1=-0.40647581E-01

     Lambda2=-0.12183871E-01


     -----------------------------------------------------------------------------------------------------------------
     NER= 1
     -----------------------------------------------------------------------------------------------------------------
1
      300. K to      950. K
-0.15548463E+01 0.79872094E-01 0.25991874E-04-0.81896047E-07 0.35903121E-10
-0.45869992E+05 0.35258392E+02
                              -0.15548463E+01 0.79872094E-01 0.25991874E-04
-0.81896047E-07 0.35903121E-10-0.45869992E+05 0.35258392E+02
