 C9H19O2          Molecular weight =159.249

 Heat of formation at 298K =  -30.934 (kcal/mol)

 B =   0.029 cm?1     Symmetric number =  1

 Internal rotation
 ===================================================
  No      Br       sigma    dim      Vr(kcal/mol)
 ===================================================


 Vibrational Frequencies (cm^-1)
 -------------------------------
         15.
         30.
         53.
         78.
         91.
        123.
        181.
        195.
        210.
        218.
        224.
        239.
        254.
        258.
        329.
        348.
        390.
        425.
        458.
        503.
        525.
        621.
        757.
        794.
        835.
        857.
        922.
        927.
        941.
        946.
        956.
        967.
       1009.
       1036.
       1062.
       1091.
       1104.
       1131.
       1147.
       1181.
       1191.
       1204.
       1261.
       1290.
       1308.
       1317.
       1328.
       1356.
       1359.
       1373.
       1388.
       1394.
       1397.
       1408.
       1418.
       1424.
       1463.
       1469.
       1488.
       1490.
       1492.
       1499.
       1502.
       1508.
       1510.
       2941.
       2975.
       2977.
       2982.
       3013.
       3018.
       3020.
       3023.
       3028.
       3069.
       3071.
       3074.
       3080.
       3085.
       3089.
       3091.
       3102.
       3125.
       3774.
 -------------------------------


1
   T(K)       Cp(cal/mol/K)   S(cal/mol/K)  [H(T)-H(298K)](kcal/mol)
 -----------------------------------------------------------------
   50.00          0.000          0.000            -9.652
  100.00         27.521         81.981            -8.260
  200.00         41.810        105.701            -4.757
  298.15         55.400        124.872             0.000
  300.00         55.671        125.216             0.103
  350.00         63.057        134.351             3.071
  400.00         70.344        143.250             6.407
  450.00         77.289        151.940            10.099
  500.00         83.765        160.423            14.128
  500.00         83.765        160.423            14.128
  550.00         89.738        168.691            18.467
  600.00         95.224        176.737            23.093
  650.00        100.263        184.561            27.982
  700.00        104.899        192.164            33.113
  750.00        109.175        199.549            38.466
  800.00        113.128        206.722            44.025
  850.00        116.790        213.692            49.774
  900.00        120.188        220.465            55.700
  950.00        123.344        227.049            61.789
 1000.00        126.278        233.451            68.030
 1100.00        131.549        245.740            80.928
 1200.00        136.120        257.387            94.317
 1300.00        140.092        268.443           108.132
 1400.00        143.550        278.954           122.318
 1500.00        146.567        288.963           136.827
 1600.00        149.207        298.508           151.619
 1700.00        151.523        307.625           166.658
 1800.00        153.562        316.345           181.914
 1900.00        155.363        324.697           197.362
 2000.00        156.958        332.707           212.980
 2100.00        158.375        340.400           228.748
 2200.00        159.639        347.798           244.650
 2300.00        160.770        354.919           260.671
 2400.00        161.784        361.783           276.800
 2500.00        162.697        368.406           293.025
 2600.00        163.521        374.804           309.336
 2700.00        164.267        380.990           325.727
 2800.00        164.944        386.976           342.188
 2900.00        165.560        392.775           358.713
 3000.00        166.122        398.397           375.298
 -----------------------------------------------------------------
1
 High temperature

     Input value
     ------------


 No.Points =   20    Gas constant=      1.9871     Enthalpy of formation=   -30.9340



 Cpo at To=       126.278     H-H298 at To=     68030.305     Sto at To=       233.451






     TEMP.          H-H298          Pred/Correct          Sto          Pred/Correct          Cpo          Pred/Correct
     -----          ------          ------------          ---          ------------          ---          ------------

       1100.0      80927.9219             0.9998          245.7397           1.0000          131.5488           0.9983
       1200.0      94316.7578             0.9996          257.3866           0.9999          136.1201           0.9979
       1300.0     108131.9844             0.9994          268.4426           0.9998          140.0919           0.9982
       1400.0     122318.0234             0.9993          278.9540           0.9997          143.5497           0.9989
       1500.0     136827.2500             0.9993          288.9631           0.9997          146.5670           0.9997
       1600.0     151618.8594             0.9994          298.5085           0.9997          149.2070           1.0005
       1700.0     166657.8750             0.9995          307.6251           0.9998          151.5235           1.0010
       1800.0     181914.2969             0.9996          316.3449           0.9998          153.5623           1.0014
       1900.0     197362.3906             0.9998          324.6968           0.9998          155.3627           1.0015
       2000.0     212980.0000             0.9999          332.7072           0.9999          156.9576           1.0014
       2100.0     228748.0000             1.0000          340.4002           0.9999          158.3752           1.0011
       2200.0     244649.9063             1.0001          347.7975           0.9999          159.6391           1.0007
       2300.0     260671.3906             1.0001          354.9192           0.9999          160.7698           1.0001
       2400.0     276800.0000             1.0001          361.7833           0.9999          161.7843           0.9996
       2500.0     293024.8750             1.0000          368.4065           0.9999          162.6973           0.9992
       2600.0     309336.5000             1.0000          374.8039           0.9999          163.5214           0.9989
       2700.0     325726.5625             0.9999          380.9895           0.9999          164.2674           0.9989
       2800.0     342187.6875             0.9999          386.9760           0.9999          164.9444           0.9993
       2900.0     358713.4063             0.9999          392.7750           0.9999          165.5604           1.0001
       3000.0     375297.9688             0.9999          398.3973           0.9999          166.1224           1.0015
     -----------------------------------------------------------------------------------------------------------------




     Least square coefficients
     -------------------------
     A(1)=  0.18501163E+02

     A(2)=  0.67195818E-01

     A(3)= -0.26255409E-04

     A(4)=  0.43077866E-08

     A(5)= -0.20214975E-12

     A6=-0.25715668E+05

     A7=-0.65774696E+02

     Lambdao= 0.42851546E+00

     Lambda1= 0.14215660E+00

     Lambda2= 0.43348625E+00


     -----------------------------------------------------------------------------------------------------------------
     NER= 1
     -----------------------------------------------------------------------------------------------------------------
1
     1100. K to     3000. K
 0.18501163E+02 0.67195818E-01-0.26255409E-04 0.43077866E-08-0.20214975E-12
-0.25715668E+05-0.65774696E+02
                               0.18501163E+02 0.67195818E-01-0.26255409E-04
 0.43077866E-08-0.20214975E-12-0.25715668E+05-0.65774696E+02



 Low temperature


     Input value
     ------------


 No.Points =   15    Gas constant=      1.9871     Enthalpy of formation=   -30.9340



 Cpo at To=       126.278     H-H298 at To=     68030.305     Sto at To=       233.451






     TEMP.          H-H298          Pred/Correct          Sto          Pred/Correct          Cpo          Pred/Correct
     -----          ------          ------------          ---          ------------          ---          ------------

        300.0        102.7412             0.9686          125.2157           0.9999           55.6713           0.9984
        350.0       3070.6873             0.9998          134.3512           0.9999           63.0568           1.0020
        400.0       6406.7271             1.0008          143.2497           1.0000           70.3442           1.0011
        450.0      10099.3213             1.0007          151.9402           1.0001           77.2885           0.9997
        500.0      14127.7266             1.0003          160.4229           1.0000           83.7646           0.9991
        500.0      14127.7266             1.0003          160.4229           1.0000           83.7646           0.9991
        550.0      18467.3672             1.0000          168.6906           1.0000           89.7375           0.9993
        600.0      23093.3594             0.9999          176.7374           1.0000           95.2239           0.9998
        650.0      27982.2988             1.0000          184.5612           1.0000          100.2628           1.0004
        700.0      33112.9258             1.0001          192.1635           1.0000          104.8989           1.0008
        750.0      38466.1914             1.0002          199.5486           1.0000          109.1749           1.0008
        800.0      44025.0430             1.0002          206.7224           1.0001          113.1281           1.0004
        850.0      49774.1445             1.0002          213.6920           1.0001          116.7900           0.9998
        900.0      55699.6406             1.0001          220.4649           1.0000          120.1876           0.9993
        950.0      61788.8867             1.0000          227.0487           1.0000          123.3436           0.9992
     -----------------------------------------------------------------------------------------------------------------




     Least square coefficients
     -------------------------
     A(1)=  0.28773499E+01

     A(2)=  0.84109865E-01

     A(3)=  0.18201055E-04

     A(4)= -0.76232936E-07

     A(5)=  0.34591899E-10

     A6=-0.20191322E+05

     A7= 0.21156891E+02

     Lambdao= 0.52404970E-01

     Lambda1=-0.52703813E-01

     Lambda2=-0.15021004E-01


     -----------------------------------------------------------------------------------------------------------------
     NER= 1
     -----------------------------------------------------------------------------------------------------------------
1
      300. K to      950. K
 0.28773499E+01 0.84109865E-01 0.18201055E-04-0.76232936E-07 0.34591899E-10
-0.20191322E+05 0.21156891E+02
                               0.28773499E+01 0.84109865E-01 0.18201055E-04
-0.76232936E-07 0.34591899E-10-0.20191322E+05 0.21156891E+02
