 C9H18O           Molecular weight =159.249

 Heat of formation at 298K =  -61.844 (kcal/mol)

 B =   0.045 cm?1     Symmetric number =  1

 Internal rotation
 ===================================================
  No      Br       sigma    dim      Vr(kcal/mol)
 ===================================================


 Vibrational Frequencies (cm^-1)
 -------------------------------
         35.
         59.
         88.
        118.
        133.
        190.
        217.
        225.
        245.
        256.
        361.
        366.
        384.
        406.
        438.
        449.
        529.
        712.
        750.
        804.
        816.
        858.
        912.
        927.
        931.
        958.
        965.
       1002.
       1009.
       1049.
       1063.
       1075.
       1131.
       1142.
       1160.
       1172.
       1191.
       1222.
       1232.
       1284.
       1312.
       1335.
       1345.
       1370.
       1384.
       1393.
       1401.
       1413.
       1421.
       1422.
       1478.
       1483.
       1488.
       1492.
       1498.
       1500.
       1506.
       1511.
       1515.
       1536.
       2983.
       2992.
       3000.
       3013.
       3014.
       3019.
       3025.
       3027.
       3032.
       3072.
       3076.
       3079.
       3082.
       3083.
       3085.
       3095.
       3111.
       3166.
 -------------------------------


1
   T(K)       Cp(cal/mol/K)   S(cal/mol/K)  [H(T)-H(298K)](kcal/mol)
 -----------------------------------------------------------------
   50.00          0.000          0.000            -7.977
  100.00         22.357         73.246            -6.902
  200.00         34.784         92.688            -4.026
  298.15         47.607        108.898             0.000
  300.00         47.866        109.193             0.088
  350.00         54.958        117.103             2.658
  400.00         61.989        124.903             5.583
  450.00         68.709        132.596             8.852
  500.00         74.990        140.164            12.447
  500.00         74.990        140.164            12.447
  550.00         80.794        147.588            16.343
  600.00         86.130        154.850            20.518
  650.00         91.036        161.940            24.949
  700.00         95.552        168.854            29.615
  750.00         99.717        175.591            34.498
  800.00        103.568        182.151            39.582
  850.00        107.133        188.538            44.850
  900.00        110.438        194.756            50.291
  950.00        113.507        200.810            55.890
 1000.00        116.357        206.706            61.638
 1100.00        121.470        218.042            73.535
 1200.00        125.896        228.805            85.909
 1300.00        129.733        239.037            98.695
 1400.00        133.068        248.777           111.839
 1500.00        135.973        258.059           125.294
 1600.00        138.510        266.917           139.021
 1700.00        140.734        275.382           152.986
 1800.00        142.688        283.483           167.159
 1900.00        144.411        291.245           181.516
 2000.00        145.936        298.692           196.035
 2100.00        147.290        305.845           210.697
 2200.00        148.497        312.726           225.488
 2300.00        149.575        319.351           240.392
 2400.00        150.541        325.737           255.399
 2500.00        151.411        331.901           270.497
 2600.00        152.195        337.855           285.678
 2700.00        152.905        343.612           300.934
 2800.00        153.548        349.185           316.257
 2900.00        154.134        354.583           331.641
 3000.00        154.667        359.818           347.082
 -----------------------------------------------------------------
1
 High temperature

     Input value
     ------------


 No.Points =   20    Gas constant=      1.9871     Enthalpy of formation=   -61.8435



 Cpo at To=       116.357     H-H298 at To=     61637.746     Sto at To=       206.706






     TEMP.          H-H298          Pred/Correct          Sto          Pred/Correct          Cpo          Pred/Correct
     -----          ------          ------------          ---          ------------          ---          ------------

       1100.0      73535.2891             0.9998          218.0416           0.9999          121.4700           0.9981
       1200.0      85908.8594             0.9995          228.8052           0.9998          125.8957           0.9976
       1300.0      98694.8359             0.9993          239.0374           0.9997          129.7334           0.9980
       1400.0     111838.7891             0.9992          248.7766           0.9997          133.0682           0.9988
       1500.0     125294.1641             0.9992          258.0587           0.9997          135.9730           0.9997
       1600.0     139021.1563             0.9993          266.9170           0.9997          138.5104           1.0005
       1700.0     152985.7813             0.9994          275.3823           0.9997          140.7336           1.0012
       1800.0     167158.9063             0.9996          283.4829           0.9998          142.6877           1.0016
       1900.0     181515.6250             0.9998          291.2448           0.9998          144.4111           1.0017
       2000.0     196034.5313             0.9999          298.6917           0.9999          145.9361           1.0016
       2100.0     210697.1719             1.0000          305.8453           0.9999          147.2902           1.0012
       2200.0     225487.6250             1.0001          312.7256           0.9999          148.4965           1.0007
       2300.0     240392.2031             1.0001          319.3508           0.9999          149.5747           1.0002
       2400.0     255398.8906             1.0001          325.7374           0.9999          150.5414           0.9996
       2500.0     270497.2500             1.0000          331.9008           0.9999          151.4109           0.9991
       2600.0     285678.2188             1.0000          337.8547           0.9999          152.1951           0.9988
       2700.0     300933.7813             0.9999          343.6122           0.9999          152.9046           0.9988
       2800.0     316256.9375             0.9999          349.1848           0.9999          153.5482           0.9992
       2900.0     331641.5000             0.9999          354.5833           0.9999          154.1336           1.0001
       3000.0     347081.9375             0.9999          359.8178           0.9999          154.6674           1.0017
     -----------------------------------------------------------------------------------------------------------------




     Least square coefficients
     -------------------------
     A(1)=  0.15085993E+02

     A(2)=  0.64650998E-01

     A(3)= -0.24986810E-04

     A(4)=  0.39695616E-08

     A(5)= -0.16502937E-12

     A6=-0.40145504E+05

     A7=-0.53628555E+02

     Lambdao= 0.43823442E+00

     Lambda1= 0.14566000E+00

     Lambda2= 0.44423699E+00


     -----------------------------------------------------------------------------------------------------------------
     NER= 1
     -----------------------------------------------------------------------------------------------------------------
1
     1100. K to     3000. K
 0.15085993E+02 0.64650998E-01-0.24986810E-04 0.39695616E-08-0.16502937E-12
-0.40145504E+05-0.53628555E+02
                               0.15085993E+02 0.64650998E-01-0.24986810E-04
 0.39695616E-08-0.16502937E-12-0.40145504E+05-0.53628555E+02



 Low temperature


     Input value
     ------------


 No.Points =   15    Gas constant=      1.9871     Enthalpy of formation=   -61.8435



 Cpo at To=       116.357     H-H298 at To=     61637.746     Sto at To=       206.706






     TEMP.          H-H298          Pred/Correct          Sto          Pred/Correct          Cpo          Pred/Correct
     -----          ------          ------------          ---          ------------          ---          ------------

        300.0         88.3124             0.9524          109.1929           0.9998           47.8658           0.9975
        350.0       2658.4885             0.9992          117.1027           0.9999           54.9581           1.0024
        400.0       5583.0366             1.0008          124.9026           1.0000           61.9890           1.0016
        450.0       8852.1377             1.0008          132.5958           1.0001           68.7093           1.0000
        500.0      12446.5938             1.0004          140.1642           1.0001           74.9904           0.9991
        500.0      12446.5938             1.0004          140.1642           1.0001           74.9904           0.9991
        550.0      16343.1855             1.0001          147.5875           1.0000           80.7935           0.9991
        600.0      20518.1641             0.9999          154.8496           1.0000           86.1305           0.9997
        650.0      24949.0430             0.9999          161.9402           1.0000           91.0362           1.0003
        700.0      29615.2852             1.0000          168.8542           1.0000           95.5519           1.0007
        750.0      34498.3984             1.0001          175.5905           1.0000           99.7173           1.0007
        800.0      39581.7656             1.0002          182.1507           1.0000          103.5675           1.0004
        850.0      44850.4023             1.0002          188.5378           1.0000          107.1326           0.9999
        900.0      50290.7148             1.0001          194.7560           1.0000          110.4383           0.9994
        950.0      55890.2852             1.0000          200.8104           1.0000          113.5067           0.9993
     -----------------------------------------------------------------------------------------------------------------




     Least square coefficients
     -------------------------
     A(1)= -0.23853636E+00

     A(2)=  0.81728086E-01

     A(3)=  0.15258920E-04

     A(4)= -0.69586747E-07

     A(5)=  0.31393006E-10

     A6=-0.34697281E+05

     A7= 0.31658825E+02

     Lambdao= 0.38311563E-01

     Lambda1=-0.35014197E-01

     Lambda2=-0.10692399E-01


     -----------------------------------------------------------------------------------------------------------------
     NER= 1
     -----------------------------------------------------------------------------------------------------------------
1
      300. K to      950. K
-0.23853636E+00 0.81728086E-01 0.15258920E-04-0.69586747E-07 0.31393006E-10
-0.34697281E+05 0.31658825E+02
                              -0.23853636E+00 0.81728086E-01 0.15258920E-04
-0.69586747E-07 0.31393006E-10-0.34697281E+05 0.31658825E+02
