 C9H18O           Molecular weight =159.249

 Heat of formation at 298K =  -82.937 (kcal/mol)

 B =   0.044 cm?1     Symmetric number =  1

 Internal rotation
 ===================================================
  No      Br       sigma    dim      Vr(kcal/mol)
 ===================================================


 Vibrational Frequencies (cm^-1)
 -------------------------------
         89.
        132.
        202.
        221.
        224.
        254.
        261.
        291.
        300.
        318.
        357.
        393.
        412.
        438.
        482.
        526.
        574.
        703.
        788.
        840.
        852.
        883.
        914.
        930.
        954.
        965.
        971.
        992.
       1023.
       1066.
       1087.
       1105.
       1107.
       1155.
       1183.
       1193.
       1232.
       1259.
       1275.
       1292.
       1322.
       1330.
       1365.
       1371.
       1385.
       1391.
       1398.
       1406.
       1416.
       1421.
       1476.
       1485.
       1489.
       1490.
       1491.
       1498.
       1501.
       1504.
       1508.
       1512.
       2986.
       2992.
       3009.
       3013.
       3017.
       3021.
       3026.
       3036.
       3037.
       3049.
       3053.
       3060.
       3076.
       3087.
       3088.
       3100.
       3105.
       3110.
 -------------------------------


1
   T(K)       Cp(cal/mol/K)   S(cal/mol/K)  [H(T)-H(298K)](kcal/mol)
 -----------------------------------------------------------------
   50.00          0.000          0.000            -7.072
  100.00         17.974         66.638            -6.333
  200.00         32.076         83.600            -3.806
  298.15         45.719         98.901             0.000
  300.00         45.990         99.185             0.085
  350.00         53.342        106.826             2.568
  400.00         60.584        114.424             5.417
  450.00         67.481        121.962             8.620
  500.00         73.914        129.409            12.157
  500.00         73.914        129.409            12.157
  550.00         79.847        136.736            16.004
  600.00         85.296        143.921            20.134
  650.00         90.299        150.948            24.526
  700.00         94.899        157.811            29.157
  750.00         99.137        164.505            34.010
  800.00        103.050        171.030            39.065
  850.00        106.670        177.387            44.310
  900.00        110.024        183.580            49.728
  950.00        113.134        189.613            55.308
 1000.00        116.021        195.491            61.038
 1100.00        121.195        206.797            72.905
 1200.00        125.667        217.539            85.253
 1300.00        129.542        227.754            98.018
 1400.00        132.906        237.481           111.145
 1500.00        135.834        246.752           124.585
 1600.00        138.391        255.602           138.299
 1700.00        140.629        264.061           152.253
 1800.00        142.596        272.156           166.416
 1900.00        144.330        279.913           180.764
 2000.00        145.864        287.356           195.275
 2100.00        147.226        294.506           209.931
 2200.00        148.439        301.384           224.716
 2300.00        149.523        308.007           239.615
 2400.00        150.494        314.391           254.617
 2500.00        151.368        320.553           269.710
 2600.00        152.156        326.505           284.887
 2700.00        152.868        332.261           300.139
 2800.00        153.515        337.832           315.459
 2900.00        154.103        343.230           330.840
 3000.00        154.639        348.463           346.277
 -----------------------------------------------------------------
1
 High temperature

     Input value
     ------------


 No.Points =   20    Gas constant=      1.9871     Enthalpy of formation=   -82.9367



 Cpo at To=       116.021     H-H298 at To=     61037.770     Sto at To=       195.491






     TEMP.          H-H298          Pred/Correct          Sto          Pred/Correct          Cpo          Pred/Correct
     -----          ------          ------------          ---          ------------          ---          ------------

       1100.0      72904.8750             0.9998          206.7973           0.9999          121.1947           0.9980
       1200.0      85253.3594             0.9995          217.5390           0.9998          125.6673           0.9975
       1300.0      98018.4141             0.9993          227.7545           0.9997          129.5419           0.9979
       1400.0     111144.7422             0.9991          237.4806           0.9997          132.9060           0.9987
       1500.0     124585.1172             0.9992          246.7523           0.9997          135.8343           0.9997
       1600.0     138299.2188             0.9992          255.6023           0.9997          138.3907           1.0005
       1700.0     152252.6563             0.9994          264.0609           0.9997          140.6294           1.0012
       1800.0     166416.0469             0.9996          272.1559           0.9998          142.5963           1.0016
       1900.0     180764.1719             0.9997          279.9131           0.9998          144.3304           1.0018
       2000.0     195275.4531             0.9999          287.3560           0.9999          145.8644           1.0016
       2100.0     209931.3125             1.0000          294.5064           0.9999          147.2261           1.0013
       2200.0     224715.7031             1.0001          301.3839           0.9999          148.4389           1.0008
       2300.0     239614.7969             1.0001          308.0066           0.9999          149.5226           1.0002
       2400.0     254616.5156             1.0001          314.3911           0.9999          150.4941           0.9995
       2500.0     269710.3438             1.0000          320.5526           0.9999          151.3677           0.9990
       2600.0     284887.1875             1.0000          326.5050           0.9999          152.1556           0.9987
       2700.0     300138.9688             0.9999          332.2610           0.9999          152.8683           0.9987
       2800.0     315458.6563             0.9999          337.8323           0.9999          153.5148           0.9992
       2900.0     330839.9688             0.9998          343.2298           0.9999          154.1027           1.0001
       3000.0     346277.4688             0.9999          348.4633           0.9999          154.6387           1.0018
     -----------------------------------------------------------------------------------------------------------------




     Least square coefficients
     -------------------------
     A(1)=  0.14409382E+02

     A(2)=  0.65426320E-01

     A(3)= -0.25294412E-04

     A(4)=  0.40088759E-08

     A(5)= -0.16444795E-12

     A6=-0.50680641E+05

     A7=-0.55233376E+02

     Lambdao= 0.45274189E+00

     Lambda1= 0.15050080E+00

     Lambda2= 0.45926526E+00


     -----------------------------------------------------------------------------------------------------------------
     NER= 1
     -----------------------------------------------------------------------------------------------------------------
1
     1100. K to     3000. K
 0.14409382E+02 0.65426320E-01-0.25294412E-04 0.40088759E-08-0.16444795E-12
-0.50680641E+05-0.55233376E+02
                               0.14409382E+02 0.65426320E-01-0.25294412E-04
 0.40088759E-08-0.16444795E-12-0.50680641E+05-0.55233376E+02



 Low temperature


     Input value
     ------------


 No.Points =   15    Gas constant=      1.9871     Enthalpy of formation=   -82.9367



 Cpo at To=       116.021     H-H298 at To=     61037.770     Sto at To=       195.491






     TEMP.          H-H298          Pred/Correct          Sto          Pred/Correct          Cpo          Pred/Correct
     -----          ------          ------------          ---          ------------          ---          ------------

        300.0         84.8309             0.9659           99.1848           0.9998           45.9895           0.9983
        350.0       2567.9446             0.9999          106.8257           0.9999           53.3417           1.0023
        400.0       5417.1123             1.0009          114.4240           1.0001           60.5835           1.0012
        450.0       8620.4951             1.0007          121.9621           1.0001           67.4811           0.9997
        500.0      12157.4258             1.0003          129.4092           1.0000           73.9137           0.9990
        500.0      12157.4258             1.0003          129.4092           1.0000           73.9137           0.9990
        550.0      16003.5156             1.0000          136.7361           1.0000           79.8469           0.9992
        600.0      20134.0391             0.9999          143.9207           1.0000           85.2961           0.9999
        650.0      24525.6855             1.0000          150.9485           1.0000           90.2989           1.0005
        700.0      29157.2109             1.0001          157.8110           1.0000           94.8986           1.0009
        750.0      34009.5195             1.0002          164.5048           1.0000           99.1368           1.0008
        800.0      39065.4766             1.0003          171.0295           1.0001          103.0502           1.0004
        850.0      44309.6523             1.0002          177.3870           1.0001          106.6703           0.9998
        900.0      49728.0664             1.0002          183.5802           1.0000          110.0240           0.9993
        950.0      55307.9922             1.0001          189.6133           1.0000          113.1342           0.9992
     -----------------------------------------------------------------------------------------------------------------




     Least square coefficients
     -------------------------
     A(1)= -0.17150574E+01

     A(2)=  0.82729600E-01

     A(3)=  0.20249316E-04

     A(4)= -0.77983302E-07

     A(5)=  0.35105158E-10

     A6=-0.44944965E+05

     A7= 0.34588490E+02

     Lambdao= 0.52472040E-01

     Lambda1=-0.53852707E-01

     Lambda2=-0.14946260E-01


     -----------------------------------------------------------------------------------------------------------------
     NER= 1
     -----------------------------------------------------------------------------------------------------------------
1
      300. K to      950. K
-0.17150574E+01 0.82729600E-01 0.20249316E-04-0.77983302E-07 0.35105158E-10
-0.44944965E+05 0.34588490E+02
                              -0.17150574E+01 0.82729600E-01 0.20249316E-04
-0.77983302E-07 0.35105158E-10-0.44944965E+05 0.34588490E+02
