C9H18O         N        (N for nonlinear, L for linear)
28 159.249          Number of atoms, molecular weight
-82.9366629145				Enthalpy of formation at the standard state!kcal
0.0437253333333 1    Rotational constat (cm-1), symmetry number
1         Statistical weight
0         Number of internal rotor, Br, sigma, dim, vr 
88.6647
131.7248
202.2716
221.0226
223.8045
254.464
261.0631
290.5444
299.5483
318.3469
357.2541
393.1989
412.1924
438.2706
482.0456
525.8273
573.8173
703.0078
788.1609
840.0994
852.0384
883.0916
913.662
929.7287
953.9656
964.9995
970.7544
991.5524
1023.1088
1066.2881
1087.0617
1104.9754
1107.0651
1155.2168
1183.4651
1193.4907
1232.4838
1259.4823
1274.6267
1292.3432
1322.3969
1330.0712
1364.7852
1370.7519
1385.4335
1390.8127
1398.0229
1406.197
1415.8977
1421.4962
1476.0024
1484.5845
1488.6003
1489.8554
1490.8143
1497.8958
1500.5008
1503.879
1508.1508
1512.1235
2986.2816
2991.6545
3009.3963
3012.8715
3016.9589
3021.3457
3026.307
3036.375
3036.8084
3048.6676
3052.7835
3059.7158
3075.5985
3086.7529
3088.3857
3100.0227
3105.1547
3109.5296
