C9H19O2         N        (N for nonlinear, L for linear)
30 159.249          Number of atoms, molecular weight
-30.9339679495				Enthalpy of formation at the standard state!kcal
0.0294821111111 1    Rotational constat (cm-1), symmetry number
1         Statistical weight
0         Number of internal rotor, Br, sigma, dim, vr 
15.3364
29.8977
53.182
77.9856
90.5674
123.1256
180.569
194.5579
209.7412
218.2322
224.1803
238.6643
253.8643
258.4444
329.3159
348.4756
390.4663
425.0386
457.676
503.3459
524.8234
620.7724
756.6657
793.746
834.5558
856.8303
922.1975
927.2953
941.0093
946.2924
956.1149
967.4055
1008.6749
1036.1247
1061.8647
1090.9743
1104.3708
1131.0809
1147.4032
1180.9998
1191.001
1203.5576
1260.5961
1290.3749
1307.9568
1317.2324
1328.1669
1355.5056
1359.1306
1372.6228
1388.2821
1394.2544
1397.1582
1408.133
1418.2055
1424.3201
1462.586
1468.904
1488.4247
1489.8354
1491.6943
1499.4359
1502.1462
1508.0045
1509.7495
2940.7763
2974.639
2976.8598
2981.7674
3013.0509
3018.3084
3020.3213
3023.359
3028.4885
3068.7616
3071.0808
3073.5491
3079.8905
3085.0765
3088.8025
3090.8072
3101.7569
3124.7419
3774.337
