C5P
ANGS
22
C	1	-3.57208200	-0.85143700	-0.44467400
H	2	-3.88376200	-0.91556600	-1.49298400
H	3	-4.48192700	-0.95453400	0.15714400
H	4	-2.93470100	-1.71091100	-0.23200100
C	5	-2.90433000	0.46551700	-0.17101300
H	6	-3.51281600	1.33946500	-0.39487600
C	7	-1.68022900	0.68770300	0.31156400
H	8	-1.36838000	1.71967200	0.44866800
C	9	-0.65022000	-0.33806300	0.69968600
H	10	-0.45769300	-0.28002900	1.77897700
H	11	-1.00011000	-1.35315300	0.49950100
C	12	0.68953300	-0.15167900	-0.01942700
H	13	0.55151700	-0.02636000	-1.09530900
C	14	1.71058000	-1.24558600	0.28840800
H	15	1.24996800	-2.20412200	0.02353300
H	16	1.87694900	-1.26856900	1.37113200
C	17	3.04277400	-1.08854300	-0.44869500
H	18	3.52928000	-0.14477500	-0.19556100
H	19	3.72437500	-1.90064100	-0.18377000
H	20	2.90118500	-1.10831900	-1.53282100
O	21	1.23134200	1.13608600	0.45468700
O	22	1.76740400	1.85646000	-0.51052700
1 5
4
1 2 3 4 
7 9
8
1 2 3 4 5 6 7 8 
9 12
11
1 2 3 4 5 6 7 8 9 10 11 
14 12
7
14 15 16 17 18 19 20 
21 12
2
21 22 
17 14
4
17 18 19 20 
0 0






