C6H12_1_4
ANGS
18
C	1	1.59983000	-0.33084500	-0.41442800
H	2	1.66777500	-0.40676200	-1.49967000
C	3	0.29420700	-0.76937600	0.18602100
H	4	0.33897000	-0.67999100	1.27820900
H	5	0.14734200	-1.83512300	-0.03525900
C	6	-0.93745500	0.00302400	-0.34188600
H	7	-0.92246200	-0.06423800	-1.43830800
C	8	-2.23522100	-0.65014900	0.15084900
H	9	-2.29408000	-0.62435100	1.24447100
H	10	-3.11328200	-0.12787100	-0.23978500
H	11	-2.30056900	-1.69657000	-0.16170700
C	12	-0.88673800	1.48705000	0.04223800
H	13	-1.73750000	2.03048200	-0.37893500
H	14	-0.92182800	1.60634600	1.13092200
H	15	0.02978500	1.96323900	-0.31350100
C	16	2.64990100	0.12626400	0.26184100
H	17	2.63167400	0.22116700	1.34365800
H	18	3.56702900	0.41786600	-0.23790300
1 3
5
1 2 16 17 18 
3 6
8
1 2 3 4 5 16 17 18 
8 6
4
8 9 10 11 
12 6
4
12 13 14 15 
0 0






