C9H18OOH_3_26_b
ANGS
30
C	1	2.69790000	-0.82557900	1.38096200
H	2	2.35439500	-0.00662200	2.01698900
H	3	3.79072400	-0.88368500	1.45091600
H	4	2.31680100	-1.76345700	1.81812300
C	5	2.24912500	-0.64811100	-0.03515200
C	6	-0.27941000	-0.38711500	0.19569300
H	7	-0.24108600	-0.40642100	1.29093700
H	8	-0.32443800	-1.42912100	-0.13594000
C	9	-1.51916100	0.38565800	-0.27344800
H	10	-1.58767800	0.32738600	-1.36838600
H	11	-1.37828100	1.44201300	-0.02947600
C	12	-2.84960100	-0.09438200	0.33659200
H	13	-2.74688300	-0.05052300	1.42976100
C	14	-3.99056900	0.85191400	-0.06245100
H	15	-4.14154900	0.84511800	-1.14757000
H	16	-4.93408300	0.55552600	0.40519000
H	17	-3.77554100	1.88168100	0.23674700
C	18	2.76913700	-1.57599600	-1.08363500
H	19	2.57728000	-1.19927200	-2.09235500
H	20	3.84850600	-1.73531200	-0.97867000
H	21	2.30698700	-2.57609200	-1.02010300
C	22	-3.18989800	-1.54157900	-0.04752900
H	23	-4.14680100	-1.84646500	0.38599700
H	24	-3.27111000	-1.64497300	-1.13553800
H	25	-2.43376000	-2.25012200	0.29981300
C	26	1.04588900	0.20251200	-0.32807200
H	27	0.96599200	0.36868500	-1.40885600
O	28	1.13746000	1.49589700	0.30588800
O	29	2.14743400	2.26933100	-0.38557100
H	30	2.94090700	2.04589700	0.12212400
1 5
4
1 2 3 4 
18 5
4
18 19 20 21 
5 26
9
1 2 3 4 5 18 19 20 21 
9 6
13
9 10 11 12 13 14 15 16 17 22 23 24 25 
26 6
14
1 2 3 4 5 18 19 20 21 26 27 28 29 30 
12 9
10
12 13 14 15 16 17 22 23 24 25 
14 12
4
14 15 16 17 
22 12
4
22 23 24 25 
28 26
3
28 29 30 
29 28
2
29 30 
0 0






