C9H18OOH_2_26_c
ANGS
30
C	1	-3.20876700	0.19403600	1.08656000
H	2	-2.84293100	1.07063800	1.62307900
H	3	-3.41901600	-0.59093800	1.81735600
H	4	-4.14152500	0.45086200	0.57790100
C	5	-0.86925100	-0.64582700	0.74059500
H	6	-0.86429300	-0.75896600	1.82066400
C	7	0.41159600	-0.81924300	-0.00413400
H	8	0.23718700	-0.67558600	-1.07477800
H	9	0.77623400	-1.84846000	0.12707600
C	10	1.51175400	0.16491600	0.45634100
H	11	1.69481500	0.02624000	1.53052000
H	12	1.12292700	1.17994700	0.33499300
C	13	2.84753000	0.04125500	-0.30102900
H	14	2.62681500	0.11478400	-1.37476900
C	15	3.77678400	1.20736700	0.06502800
H	16	4.02371200	1.18901000	1.13239200
H	17	4.71661300	1.15712600	-0.49306200
H	18	3.30805900	2.17148900	-0.15147500
C	19	-2.71180200	-1.43707200	-0.78665600
H	20	-2.96886600	-2.28262800	-0.14554400
H	21	-3.60759300	-1.11673700	-1.32522300
H	22	-1.96688500	-1.76418700	-1.51368400
C	23	3.54822200	-1.30222500	-0.05321300
H	24	4.49734200	-1.35348600	-0.59499000
H	25	3.76735400	-1.43422200	1.01243600
H	26	2.94127100	-2.15133800	-0.37668500
C	27	-2.16306400	-0.28325800	0.07509800
O	28	-1.95029600	0.74026000	-0.94495700
O	29	-1.38147200	1.92763300	-0.32250200
H	30	-2.10508800	2.55363000	-0.45808400
1 27
4
1 2 3 4 
5 7
14
1 2 3 4 5 6 19 20 21 22 27 28 29 30 
27 5
12
1 2 3 4 19 20 21 22 27 28 29 30 
10 7
13
10 11 12 13 14 15 16 17 18 23 24 25 26 
13 10
10
13 14 15 16 17 18 23 24 25 26 
15 13
4
15 16 17 18 
23 13
4
23 24 25 26 
19 27
4
19 20 21 22 
28 27
3
28 29 30 
29 28
2
29 30 
0 0






