C9H18O_3_26
ANGS
28
C	1	3.58342100	-0.59277600	-0.74407600
H	2	3.31238100	-1.18435200	-1.62272900
H	3	3.78404100	-1.28622500	0.07467900
H	4	4.50144100	-0.04549600	-0.97414900
C	5	2.46114000	0.37515000	-0.35421100
H	6	2.21659000	1.01720900	-1.20858600
C	7	-0.13417500	0.21807800	-0.39024300
H	8	-0.15796000	0.14421700	-1.48790900
H	9	-0.10463400	1.29400300	-0.18135000
C	10	-1.36337500	-0.45413100	0.22030900
H	11	-1.36783200	-0.28204900	1.30351000
H	12	-1.25800000	-1.53555800	0.09538500
C	13	-2.70928600	-0.00001100	-0.37351700
H	14	-2.66317500	-0.15591500	-1.46064200
C	15	-3.85202900	-0.86676600	0.17322200
H	16	-3.94313100	-0.75205800	1.25875400
H	17	-4.81107500	-0.58597500	-0.27171200
H	18	-3.68165400	-1.92681600	-0.03524300
C	19	-2.99389000	1.48815500	-0.12329000
H	20	-3.96161400	1.77749600	-0.54302900
H	21	-3.02119300	1.70219200	0.95104800
H	22	-2.23652500	2.13526300	-0.57343700
C	23	1.19230400	-0.38459400	0.05194300
O	24	1.25287600	-1.40340600	0.70434000
C	25	2.88111300	1.28147100	0.82130700
H	26	2.08931600	1.98210500	1.10143500
H	27	3.12402700	0.67525000	1.69773400
H	28	3.76465000	1.86650700	0.55285400
1 5
4
1 2 3 4 
5 23
10
1 2 3 4 5 6 25 26 27 28 
25 5
4
25 26 27 28 
10 7
13
10 11 12 13 14 15 16 17 18 19 20 21 22 
23 7
12
1 2 3 4 5 6 23 24 25 26 27 28 
13 10
10
13 14 15 16 17 18 19 20 21 22 
15 13
4
15 16 17 18 
19 13
4
19 20 21 22 
0 0






