C9H18O_26_26
ANGS
28
C	1	-2.26282600	-1.02235300	-0.90893000
H	2	-1.97257400	-0.95604900	-1.95934000
H	3	-3.27318600	-0.61995000	-0.79472600
H	4	-2.27287700	-2.07708400	-0.62400000
C	5	-1.25085700	1.23909700	-0.43925300
H	6	-1.28061100	1.30430200	-1.53305800
H	7	-2.16029900	1.72082800	-0.06588900
C	8	-0.00000100	1.96735300	0.06068500
H	9	-0.00000200	2.02775900	1.15424400
H	10	-0.00000100	3.00003900	-0.30115300
C	11	1.25085700	1.23909800	-0.43925000
H	12	2.16029800	1.72082800	-0.06588200
H	13	1.28061500	1.30430500	-1.53305500
C	14	1.26591700	-0.24945500	-0.03986600
C	15	2.26282500	-1.02235100	-0.90893200
H	16	3.27318500	-0.61994800	-0.79472800
H	17	2.27287600	-2.07708300	-0.62400300
H	18	1.97257300	-0.95604600	-1.95934200
C	19	-1.64507100	-0.43552200	1.44137800
H	20	-2.69936700	-0.18576600	1.59171600
H	21	-1.49422800	-1.47736000	1.73212000
H	22	-1.05954900	0.19336300	2.11245600
C	23	1.64507200	-0.43552400	1.44137700
H	24	1.49422900	-1.47736300	1.73211800
H	25	2.69936900	-0.18576900	1.59171300
H	26	1.05955200	0.19336100	2.11245700
C	27	-1.26591800	-0.24945500	-0.03986600
O	28	0.00000000	-0.87721200	-0.34696200
1 27
4
1 2 3 4 
5 8
25
1 2 3 4 5 6 7 11 12 13 14 15 16 17 18 19 20 21 22 23 24 25 26 27 28 
5 27
19
5 6 7 8 9 10 11 12 13 14 15 16 17 18 23 24 25 26 28 
8 11
25
1 2 3 4 5 6 7 8 9 10 14 15 16 17 18 19 20 21 22 23 24 25 26 27 28 
11 14
19
1 2 3 4 5 6 7 8 9 10 11 12 13 19 20 21 22 27 28 
15 14
4
15 16 17 18 
23 14
4
23 24 25 26 
28 14
19
1 2 3 4 5 6 7 8 9 10 11 12 13 19 20 21 22 27 28 
19 27
4
19 20 21 22 
28 27
19
5 6 7 8 9 10 11 12 13 14 15 16 17 18 23 24 25 26 28 
0 0






