C9H18_1_26
ANGS
27
C	1	3.89339000	-0.75954400	0.26365500
H	2	3.92792300	-1.63641900	-0.39332400
H	3	3.86277100	-1.13944200	1.29141800
H	4	4.82187400	-0.20050700	0.13430700
C	5	2.68295800	0.09093800	-0.03420500
C	6	1.35696700	-0.62085800	0.13090000
H	7	1.36987600	-1.51442100	-0.50984600
H	8	1.30962700	-1.01430600	1.15662700
C	9	0.08794000	0.18533100	-0.15595800
H	10	0.11431500	0.55208000	-1.18901100
H	11	0.07276200	1.07042500	0.48767200
C	12	-1.18971000	-0.63765600	0.05324500
H	13	-1.24469700	-0.96812800	1.09972100
H	14	-1.12110400	-1.55223600	-0.54932700
C	15	-2.50203700	0.08372500	-0.30885200
H	16	-2.40972400	0.43706000	-1.34523400
C	17	-3.68613200	-0.89147200	-0.25153200
H	18	-3.82223300	-1.28063900	0.76353500
H	19	-4.61879800	-0.40133400	-0.54583300
H	20	-3.53206900	-1.74574800	-0.91733900
C	21	-2.76765700	1.30546300	0.58290000
H	22	-3.71029200	1.78930100	0.31106800
H	23	-2.83879700	1.00936600	1.63566300
H	24	-1.97768400	2.05553600	0.50032000
C	25	2.80291400	1.36440300	-0.41119000
H	26	1.94606200	1.98954800	-0.63034400
H	27	3.77839100	1.82788100	-0.51384800
1 5
4
1 2 3 4 
5 6
8
1 2 3 4 5 25 26 27 
6 9
11
1 2 3 4 5 6 7 8 25 26 27 
12 9
13
12 13 14 15 16 17 18 19 20 21 22 23 24 
15 12
10
15 16 17 18 19 20 21 22 23 24 
17 15
4
17 18 19 20 
21 15
4
21 22 23 24 
0 0






