C9H18OOH_3_26_e
ANGS
30
C	1	3.53071500	0.10914900	-0.10646800
H	2	3.64674000	-0.82926900	-0.65433400
H	3	3.64433400	-0.09102300	0.96284400
H	4	4.34999200	0.76567100	-0.41245900
C	5	2.17956600	0.76996700	-0.41410500
H	6	2.11660200	0.89884600	-1.50274300
C	7	-0.32813200	0.28886800	-0.71731200
H	8	-0.18168100	0.03943100	-1.78356600
H	9	-0.44724500	1.37778600	-0.68935700
C	10	-1.54864000	-0.38336000	-0.18398500
H	11	-1.44347000	-1.38395500	0.22183400
C	12	-2.90743600	0.24463100	-0.26368600
H	13	-2.96600000	0.82122100	-1.19982900
C	14	-4.02025300	-0.81397300	-0.28943500
H	15	-4.00291900	-1.41344200	0.62681400
H	16	-5.00761300	-0.34918100	-0.36521800
H	17	-3.89897000	-1.49486000	-1.13591800
C	18	2.11023800	2.15841800	0.24181100
H	19	2.18848900	2.07556600	1.33101900
H	20	2.93440200	2.78906800	-0.10219300
H	21	1.17956000	2.68323300	0.01358600
C	22	-3.14005300	1.24951700	0.89112000
H	23	-4.10844500	1.74902000	0.78292600
H	24	-3.12743700	0.73468700	1.85636000
H	25	-2.36515000	2.02059900	0.91230100
C	26	0.96954000	-0.09368200	0.01249300
H	27	0.82312600	-0.02337600	1.09493400
O	28	1.14592200	-1.49086300	-0.29575200
O	29	1.72735900	-2.15582900	0.85833400
H	30	2.60617200	-2.37369900	0.51973900
1 5
4
1 2 3 4 
18 5
4
18 19 20 21 
5 26
10
1 2 3 4 5 6 18 19 20 21 
10 7
12
10 11 12 13 14 15 16 17 22 23 24 25 
7 26
15
7 8 9 10 11 12 13 14 15 16 17 22 23 24 25 
12 10
10
12 13 14 15 16 17 22 23 24 25 
14 12
4
14 15 16 17 
22 12
4
22 23 24 25 
28 26
3
28 29 30 
29 28
2
29 30 
0 0






