C9H18O_24_26
ANGS
28
C	1	2.66275100	-0.70126100	1.30920600
H	2	1.86610700	-1.13530100	1.91679900
H	3	3.23509900	-0.00313900	1.92844000
H	4	3.33028500	-1.50858200	0.99463800
C	5	0.87637400	0.94104400	0.34785400
H	6	0.51659300	0.92779200	1.37802900
H	7	0.99671400	1.97457800	0.01999300
C	8	0.09789300	0.00258000	-0.59946100
H	9	-0.08379700	0.44844100	-1.58723900
C	10	-1.16139500	-0.70655000	-0.12220200
H	11	-1.04396400	-0.98520700	0.93289100
H	12	-1.21717500	-1.64637500	-0.68393800
C	13	-2.47544900	0.07176200	-0.31813200
H	14	-2.55274600	0.32125900	-1.38533700
C	15	-3.67876600	-0.81060200	0.04173400
H	16	-3.65402800	-1.09154500	1.10023400
H	17	-4.62177200	-0.28680300	-0.14014900
H	18	-3.68759500	-1.73242200	-0.54684100
C	19	3.16747500	0.58378400	-0.80772100
H	20	3.77033000	1.32284000	-0.27049500
H	21	3.82893900	-0.21325900	-1.15801200
H	22	2.72703100	1.06773900	-1.68280100
C	23	-2.51315700	1.38751700	0.47312500
H	24	-3.46377500	1.90649000	0.31902900
H	25	-2.40874400	1.20077700	1.54762000
H	26	-1.71395700	2.07028800	0.17412600
C	27	2.08308200	0.00403600	0.09286900
O	28	1.22795100	-0.90892900	-0.67007700
1 27
4
1 2 3 4 
10 8
13
10 11 12 13 14 15 16 17 18 23 24 25 26 
13 10
10
13 14 15 16 17 18 23 24 25 26 
15 13
4
15 16 17 18 
23 13
4
23 24 25 26 
19 27
4
19 20 21 22 
0 0






