C9H18OOH_2_26_e
ANGS
30
C	1	3.24828900	-0.05459800	1.13693400
H	2	3.15336800	-1.09751200	1.44367700
H	3	3.20540500	0.56791900	2.03435500
H	4	4.22559800	0.08840200	0.66780500
C	5	0.74848500	0.07474100	0.79864200
H	6	0.72127800	-0.96361700	1.13869400
H	7	0.67121400	0.70165900	1.69492000
C	8	-0.46166000	0.32286200	-0.11324200
H	9	-0.33768100	-0.24998600	-1.03998100
H	10	-0.47505100	1.38129800	-0.42646900
C	11	-1.76038200	-0.03063600	0.53463400
H	12	-1.83846000	0.05137000	1.61759000
C	13	-3.03088100	-0.18915800	-0.24481800
H	14	-2.77969400	-0.64875200	-1.21101500
C	15	-4.02595000	-1.11067000	0.47885300
H	16	-4.30295700	-0.69180200	1.45230600
H	17	-4.94411500	-1.23553900	-0.10279300
H	18	-3.59427200	-2.09982800	0.65110400
C	19	2.30893500	1.76188800	-0.33801100
H	20	2.16593400	2.46308100	0.48769800
H	21	3.31446500	1.90082100	-0.74095800
H	22	1.59135100	1.99807600	-1.12443100
C	23	-3.68724000	1.17961400	-0.55255500
H	24	-4.58775700	1.05062400	-1.16191100
H	25	-3.97541900	1.68609500	0.37403200
H	26	-3.00380100	1.83625700	-1.09700400
C	27	2.12887200	0.32529200	0.16267900
O	28	2.26548500	-0.43111400	-1.07014600
O	29	2.10642900	-1.85058100	-0.78887400
H	30	3.00447800	-2.16102000	-0.96415400
1 27
4
1 2 3 4 
5 8
15
1 2 3 4 5 6 7 19 20 21 22 27 28 29 30 
27 5
12
1 2 3 4 19 20 21 22 27 28 29 30 
11 8
12
11 12 13 14 15 16 17 18 23 24 25 26 
13 11
10
13 14 15 16 17 18 23 24 25 26 
15 13
4
15 16 17 18 
23 13
4
23 24 25 26 
19 27
4
19 20 21 22 
28 27
3
28 29 30 
29 28
2
29 30 
0 0






