C9H18OOH_3_26_d
ANGS
30
C	1	3.52293800	0.35996100	-0.12509300
H	2	3.73843900	-0.53888600	-0.70838300
H	3	3.68662200	0.13826400	0.93378000
H	4	4.25115300	1.11919600	-0.42388800
C	5	2.09619400	0.86198600	-0.38151100
H	6	1.97936400	0.99245600	-1.46518200
C	7	-0.34597100	0.18502400	-0.45231900
H	8	-0.42368400	0.81620300	-1.33405200
C	9	-1.55187700	-0.56451600	0.00178600
H	10	-1.48563500	-0.75553200	1.08298300
H	11	-1.53743400	-1.56511200	-0.45999900
C	12	-2.89759300	0.11345700	-0.32232900
H	13	-2.90419400	0.33082300	-1.39922100
C	14	-4.06841300	-0.83268500	-0.02766800
H	15	-4.10050600	-1.09443500	1.03560700
H	16	-5.02550500	-0.36906600	-0.28344000
H	17	-3.98272600	-1.76283800	-0.59671000
C	18	1.86858000	2.22119300	0.29741000
H	19	1.99169400	2.13696600	1.38253100
H	20	2.58908000	2.96072500	-0.06251000
H	21	0.86534800	2.60885700	0.10537500
C	22	-3.06152500	1.44060400	0.43054500
H	23	-4.00052400	1.93348600	0.16240400
H	24	-3.07126400	1.27232900	1.51317600
H	25	-2.24432800	2.13257200	0.21014100
C	26	1.01295500	-0.13842200	0.06780600
H	27	0.99758300	-0.20701300	1.16324000
O	28	1.28710200	-1.49764100	-0.39927900
O	29	2.00488500	-2.22198900	0.64379900
H	30	2.88889400	-2.27156400	0.25621700
1 5
4
1 2 3 4 
18 5
4
18 19 20 21 
5 26
10
1 2 3 4 5 6 18 19 20 21 
9 7
13
9 10 11 12 13 14 15 16 17 22 23 24 25 
7 26
15
7 8 9 10 11 12 13 14 15 16 17 22 23 24 25 
12 9
10
12 13 14 15 16 17 22 23 24 25 
14 12
4
14 15 16 17 
22 12
4
22 23 24 25 
28 26
3
28 29 30 
29 28
2
29 30 
0 0






