C9H18OOH_1_26_f
ANGS
30
C	1	-3.05141500	-1.76190700	-0.24937000
H	2	-2.68307200	-2.76451900	-0.48162800
H	3	-3.32554500	-1.27328700	-1.18730300
H	4	-3.96120500	-1.86890500	0.34944300
C	5	-1.98470300	-0.94392300	0.49275600
H	6	-1.77477600	-1.44421400	1.45024300
C	7	-0.66845700	-0.90493000	-0.30785400
H	8	-0.39419400	-1.93821800	-0.54941900
H	9	-0.84178100	-0.39611300	-1.26063400
C	10	0.51915400	-0.24285800	0.40829800
H	11	0.64486400	-0.68187600	1.40950700
H	12	0.27997400	0.81954200	0.58013700
C	13	1.80277900	-0.35675600	-0.34738500
H	14	1.75660400	-0.36263900	-1.43490800
C	15	3.13862800	-0.13124000	0.29409000
H	16	3.10357700	-0.55334800	1.30883500
C	17	4.26389000	-0.83799100	-0.47846400
H	18	4.33768000	-0.44568100	-1.49833700
H	19	5.23264600	-0.68703800	0.00702900
H	20	4.08074000	-1.91335800	-0.54670300
C	21	-2.54203000	0.43240200	0.88284000
H	22	-3.44210300	0.29854500	1.49381100
H	23	-1.82376000	1.02255500	1.46020100
C	24	3.45237500	1.37817800	0.44596400
H	25	4.40891600	1.52773200	0.95750900
H	26	3.51411600	1.85934800	-0.53513600
H	27	2.67800700	1.88990600	1.02320200
O	28	-3.02763700	1.21915200	-0.20679000
O	29	-1.88253000	1.82647100	-0.87476700
H	30	-2.09068300	2.76073500	-0.73863900
1 5
4
1 2 3 4 
5 7
12
1 2 3 4 5 6 21 22 23 28 29 30 
21 5
6
21 22 23 28 29 30 
7 10
15
1 2 3 4 5 6 7 8 9 21 22 23 28 29 30 
13 10
12
13 14 15 16 17 18 19 20 24 25 26 27 
15 13
10
15 16 17 18 19 20 24 25 26 27 
17 15
4
17 18 19 20 
24 15
4
24 25 26 27 
28 21
3
28 29 30 
29 28
2
29 30 
0 0






