C9H18_2_26
ANGS
27
C	1	3.74497900	-0.83891500	0.22775100
H	2	3.61308600	-1.88238600	-0.06492400
H	3	4.05143400	-0.81542200	1.28048300
H	4	4.58132400	-0.42600600	-0.34923900
C	5	1.38429600	-0.60223000	-0.48750000
H	6	1.43859100	-1.66643400	-0.71729200
C	7	0.04453700	0.02276900	-0.76626100
H	8	-0.21644800	-0.15750900	-1.81860300
H	9	0.08699600	1.10668100	-0.64458300
C	10	-1.07361400	-0.56563500	0.11700900
H	11	-0.86993500	-0.31540900	1.16614100
H	12	-1.02737900	-1.65973300	0.05309700
C	13	-2.50082000	-0.11473300	-0.24629100
H	14	-2.66133100	-0.35034100	-1.30764500
C	15	-3.53661000	-0.90108800	0.56940300
H	16	-3.42006600	-0.70448400	1.64082300
H	17	-4.55701100	-0.62177600	0.29064300
H	18	-3.43038300	-1.97902100	0.41581100
C	19	-2.70570300	1.39587100	-0.06318400
H	20	-3.73043300	1.68477400	-0.31463900
H	21	-2.52502400	1.68817800	0.97750300
H	22	-2.03537100	1.98234700	-0.69615000
C	23	2.60853500	1.42068500	0.39863800
H	24	3.39033100	1.91312700	-0.19186600
H	25	1.68416000	1.98173000	0.26513000
H	26	2.90875800	1.51323000	1.44895400
C	27	2.48751700	-0.03198000	0.01149400
1 27
4
1 2 3 4 
5 7
11
1 2 3 4 5 6 23 24 25 26 27 
10 7
13
10 11 12 13 14 15 16 17 18 19 20 21 22 
13 10
10
13 14 15 16 17 18 19 20 21 22 
15 13
4
15 16 17 18 
19 13
4
19 20 21 22 
23 27
4
23 24 25 26 
0 0






