C9H18_3_26
ANGS
27
C	1	3.50111800	-1.02248000	0.17130900
H	2	3.20804000	-2.03592800	-0.11364100
H	3	3.60057200	-0.99650800	1.26175300
H	4	4.48683500	-0.81762700	-0.25740900
C	5	-1.34112200	-0.89220400	0.15888200
H	6	-1.29063500	-0.85598800	1.25399500
H	7	-1.61484200	-1.92254800	-0.10619800
C	8	-2.47317400	0.04161300	-0.33005300
H	9	-2.46486600	0.02094300	-1.42849400
C	10	-3.83930600	-0.47514100	0.13910800
H	11	-3.89754700	-0.48509800	1.23308000
H	12	-4.65075900	0.15913800	-0.22932400
H	13	-4.02397600	-1.49419000	-0.21367600
C	14	-2.24914300	1.49112100	0.11782500
H	15	-3.03092200	2.14869500	-0.27340200
H	16	-2.26804900	1.56559500	1.21104600
H	17	-1.28350600	1.87144500	-0.22290300
C	18	2.91996700	1.43985400	0.04112000
H	19	2.21396300	2.18277400	-0.33818500
H	20	2.99344100	1.57081200	1.12600000
H	21	3.90408000	1.65338100	-0.38697500
C	22	2.46602900	0.01113300	-0.30909400
H	23	2.39010100	-0.06455500	-1.40062500
C	24	1.10589700	-0.28086100	0.27249600
H	25	1.04222900	-0.23791800	1.36154300
C	26	0.01086700	-0.58554800	-0.42256000
H	27	0.07904000	-0.62735100	-1.51078500
1 22
4
1 2 3 4 
8 5
10
8 9 10 11 12 13 14 15 16 17 
5 26
13
5 6 7 8 9 10 11 12 13 14 15 16 17 
10 8
4
10 11 12 13 
14 8
4
14 15 16 17 
18 22
4
18 19 20 21 
22 24
10
1 2 3 4 18 19 20 21 22 23 
0 0






