C9H18OOH_3_26_a
ANGS
30
C	1	3.56452000	0.16631200	-0.22277500
H	2	4.10939000	0.15483200	0.71529600
H	3	4.06509100	-0.21529100	-1.10487500
C	4	2.22480400	0.82476600	-0.31136400
H	5	2.03987100	1.08114900	-1.36161900
C	6	-0.32257700	0.38761800	-0.36853400
H	7	-0.35698200	0.25110300	-1.45657200
H	8	-0.39354400	1.46216400	-0.18588600
C	9	-1.49810200	-0.34914300	0.28562800
H	10	-1.51444100	-0.12346500	1.36068000
H	11	-1.31801800	-1.42421300	0.19684500
C	12	-2.87935700	-0.02400700	-0.31277200
H	13	-2.82707900	-0.22447100	-1.39180500
C	14	-3.94979900	-0.94940300	0.28223000
H	15	-4.04504500	-0.79218000	1.36229300
H	16	-4.92968800	-0.76366900	-0.16725700
H	17	-3.69941400	-2.00162900	0.12043700
C	18	-3.27433600	1.44807900	-0.12532000
H	19	-4.26415600	1.64390400	-0.54779800
H	20	-3.31163800	1.70754400	0.93878200
H	21	-2.57179700	2.13006400	-0.61124000
C	22	1.04274800	-0.10940200	0.11807200
H	23	1.04920600	-0.22246600	1.20788800
O	24	1.16876800	-1.41836200	-0.45384800
O	25	2.03728600	-2.21957600	0.37746600
H	26	2.91097800	-1.96794600	0.03170100
C	27	2.21619000	2.11740900	0.53130600
H	28	1.26580600	2.65045900	0.45771300
H	29	2.39331200	1.88789800	1.58684900
H	30	3.00516600	2.79633600	0.20079100
1 4
3
1 2 3 
4 22
9
1 2 3 4 5 27 28 29 30 
27 4
4
27 28 29 30 
9 6
13
9 10 11 12 13 14 15 16 17 18 19 20 21 
22 6
14
1 2 3 4 5 22 23 24 25 26 27 28 29 30 
12 9
10
12 13 14 15 16 17 18 19 20 21 
14 12
4
14 15 16 17 
18 12
4
18 19 20 21 
24 22
3
24 25 26 
25 24
2
25 26 
0 0






