C9H18OOH_2_26_a
ANGS
30
C	1	3.31779000	0.08003200	1.10443800
H	2	3.31436400	-0.97608600	1.37915200
H	3	3.23145800	0.67072600	2.01984700
H	4	4.26934400	0.32188500	0.62508000
C	5	0.79867800	0.00919300	0.81529300
H	6	0.86753500	-1.03607900	1.13180900
H	7	0.69687300	0.61202100	1.72505400
C	8	-0.43246100	0.19352700	-0.07740600
H	9	-0.28742600	-0.37376100	-1.00222600
H	10	-0.51753900	1.24613200	-0.36481500
C	11	-1.72249300	-0.27008800	0.61063900
H	12	-1.89058800	0.32412600	1.51998600
H	13	-1.58540500	-1.30546600	0.94706000
C	14	-2.99052400	-0.20855000	-0.26252100
H	15	-2.78532200	-0.77411500	-1.18168600
C	16	-4.16891300	-0.88563900	0.45127300
H	17	-4.41262500	-0.36333100	1.38315800
H	18	-5.06677500	-0.88335900	-0.17381700
H	19	-3.93864800	-1.92504500	0.70317400
C	20	2.18300600	1.80520000	-0.30515700
H	21	2.52956500	2.58438900	0.36061900
H	22	1.80893800	2.06757500	-1.28524700
C	23	-3.35912000	1.22687600	-0.66437600
H	24	-4.26972000	1.24129400	-1.27057500
H	25	-3.54254400	1.84285300	0.22349400
H	26	-2.56949200	1.70722700	-1.24685800
C	27	2.15123800	0.38533500	0.15457500
O	28	2.32208700	-0.34466700	-1.09476400
O	29	2.22226400	-1.77434400	-0.83377200
H	30	3.12999800	-2.04421300	-1.02546600
1 27
4
1 2 3 4 
5 8
14
1 2 3 4 5 6 7 20 21 22 27 28 29 30 
27 5
11
1 2 3 4 20 21 22 27 28 29 30 
11 8
13
11 12 13 14 15 16 17 18 19 23 24 25 26 
14 11
10
14 15 16 17 18 19 23 24 25 26 
16 14
4
16 17 18 19 
23 14
4
23 24 25 26 
20 27
3
20 21 22 
28 27
3
28 29 30 
29 28
2
29 30 
0 0






