C9H18O_12_6
ANGS
28
C	1	-3.57452700	-1.04090100	-0.32324800
H	2	-3.66238800	-1.87033000	0.38522500
H	3	-3.45185100	-1.46381700	-1.32492000
H	4	-4.50329400	-0.46813700	-0.30761700
C	5	-2.39498800	-0.15660000	0.02166900
C	6	-1.04025300	-0.84703500	-0.04969300
H	7	-1.05883800	-1.70784700	0.63070500
H	8	-0.94532300	-1.26462800	-1.06074800
C	9	0.18389700	0.02583100	0.24417000
H	10	0.17898000	0.32974700	1.29772200
H	11	0.10738500	0.94039200	-0.34956000
C	12	1.50254100	-0.69958800	-0.05218700
H	13	1.53888100	-0.96833200	-1.11682700
H	14	1.51573900	-1.64795100	0.50018100
C	15	2.77656000	0.08920900	0.30472400
H	16	2.69560200	0.39042300	1.35849400
C	17	4.01844200	-0.80285100	0.16875700
H	18	4.14673400	-1.13794500	-0.86637800
H	19	4.92663100	-0.26580600	0.45750100
H	20	3.94095400	-1.69357200	0.79931100
C	21	-2.62043300	1.03691200	0.85213300
H	22	-3.62288500	1.24543800	1.22046400
H	23	-1.81478200	1.45574600	1.44832800
C	24	2.93360000	1.36248400	-0.53926300
H	25	3.84620400	1.90136900	-0.26812000
H	26	2.99952700	1.11440600	-1.60457300
H	27	2.09483600	2.05029000	-0.40958900
O	28	-2.45514400	1.15697300	-0.56899500
1 5
4
1 2 3 4 
5 6
9
1 2 3 4 5 21 22 23 28 
6 9
12
1 2 3 4 5 6 7 8 21 22 23 28 
12 9
13
12 13 14 15 16 17 18 19 20 24 25 26 27 
15 12
10
15 16 17 18 19 20 24 25 26 27 
17 15
4
17 18 19 20 
24 15
4
24 25 26 27 
0 0






