C9H18OOH_2_26_d
ANGS
30
C	1	3.31778600	-0.25349500	-0.76187400
H	2	3.14488800	0.27967000	-1.69800800
H	3	3.62982300	-1.27268200	-1.00300600
H	4	4.13437500	0.23558600	-0.22343700
C	5	0.86389300	-0.91204700	-0.68356100
H	6	0.74112200	-0.32637300	-1.60098000
H	7	1.19132600	-1.91460500	-0.98281300
C	8	-0.43494300	-0.99333100	0.04653100
H	9	-0.64809600	-1.88815900	0.62647900
C	10	-1.36060100	0.16805400	0.19397500
H	11	-1.21057600	0.87067300	-0.63588700
H	12	-1.08740000	0.74196000	1.09589700
C	13	-2.85455600	-0.20994200	0.29251300
H	14	-2.95560500	-0.94412500	1.10393900
C	15	-3.70427600	1.01360500	0.65767000
H	16	-3.62881500	1.78484500	-0.11665900
H	17	-4.76068700	0.74759900	0.75873900
H	18	-3.37729400	1.45822200	1.60218000
C	19	2.29742500	-0.95160800	1.44149600
H	20	2.55125000	-2.00221500	1.28028600
H	21	3.12445000	-0.47120900	1.96895700
H	22	1.40730600	-0.90237800	2.07016700
C	23	-3.35861600	-0.86317100	-1.00117100
H	24	-4.40459800	-1.17098500	-0.90950200
H	25	-3.29015400	-0.16094000	-1.83967900
H	26	-2.76708700	-1.74571100	-1.25879500
C	27	2.05017500	-0.26694500	0.09614200
O	28	1.70903700	1.08043600	0.50703000
O	29	1.43255400	1.89265000	-0.66945500
H	30	2.17532000	2.50942200	-0.62880500
1 27
4
1 2 3 4 
5 8
15
1 2 3 4 5 6 7 19 20 21 22 27 28 29 30 
27 5
12
1 2 3 4 19 20 21 22 27 28 29 30 
10 8
13
10 11 12 13 14 15 16 17 18 23 24 25 26 
13 10
10
13 14 15 16 17 18 23 24 25 26 
15 13
4
15 16 17 18 
23 13
4
23 24 25 26 
19 27
4
19 20 21 22 
28 27
3
28 29 30 
29 28
2
29 30 
0 0






