C9H18OOH_2_26_f
ANGS
30
C	1	-3.28137600	-0.52079800	0.88777700
H	2	-3.24773800	0.25455900	1.65495500
H	3	-3.27753800	-1.49287800	1.38748500
H	4	-4.21735900	-0.42591100	0.33045900
C	5	-0.75836500	-0.48004300	0.72639400
H	6	-0.79719600	0.27212300	1.51998600
H	7	-0.72403000	-1.45700900	1.22402000
C	8	0.51614000	-0.26640000	-0.09702300
H	9	0.43020800	0.67365900	-0.64841900
H	10	0.63175400	-1.05874700	-0.84350700
C	11	1.78618200	-0.23600600	0.78567300
H	12	1.86261900	-1.18737100	1.32601800
H	13	1.64678000	0.54230100	1.55239300
C	14	3.05146300	0.01965100	0.01901500
C	15	3.39449300	1.42118600	-0.37464700
H	16	4.00753900	1.92336500	0.39482800
H	17	3.97690500	1.45510500	-1.30218300
H	18	2.50164400	2.03736300	-0.51451600
C	19	-2.17312200	-1.42076100	-1.19162400
H	20	-2.07589400	-2.43080900	-0.78611700
H	21	-3.13686000	-1.34229700	-1.69941100
H	22	-1.38538300	-1.26397200	-1.92920700
C	23	4.10495700	-1.03685600	-0.07450400
H	24	4.71981500	-0.92006200	-0.97372900
H	25	4.80205400	-1.00511200	0.78235200
H	26	3.67338400	-2.04270000	-0.08702000
C	27	-2.08263500	-0.39510800	-0.05752500
O	28	-2.15911500	0.85676600	-0.79063400
O	29	-2.06358100	1.97129600	0.14133000
H	30	-2.95555300	2.33470300	0.06483400
1 27
4
1 2 3 4 
5 8
15
1 2 3 4 5 6 7 19 20 21 22 27 28 29 30 
27 5
12
1 2 3 4 19 20 21 22 27 28 29 30 
11 8
12
11 12 13 14 15 16 17 18 23 24 25 26 
14 11
9
14 15 16 17 18 23 24 25 26 
15 14
4
15 16 17 18 
23 14
4
23 24 25 26 
19 27
4
19 20 21 22 
28 27
3
28 29 30 
29 28
2
29 30 
0 0






