C9H18OOH_3_26_g
ANGS
30
C	1	3.51230100	0.14233400	-0.28950100
H	2	3.54564700	-0.69168600	-0.99514000
H	3	3.75239300	-0.23136800	0.71033600
H	4	4.29916500	0.84372200	-0.58068800
C	5	2.14453700	0.83922500	-0.31536600
H	6	1.95411300	1.15187600	-1.35051000
C	7	-0.38467900	0.39850500	-0.39547800
H	8	-0.40934200	0.26965800	-1.48483500
H	9	-0.47154000	1.47306700	-0.21170700
C	10	-1.56826300	-0.33943300	0.23759200
H	11	-1.56626600	-0.17171900	1.32306400
H	12	-1.43261200	-1.41412900	0.08827500
C	13	-2.93838500	0.08434200	-0.32648700
H	14	-2.91258900	-0.05144800	-1.41667900
C	15	-4.05445900	-0.84523700	0.21448200
H	16	-4.12247200	-0.77457400	1.30414600
H	17	-5.02869200	-0.57608300	-0.20106500
H	18	-3.84627600	-1.88752000	-0.04720000
C	19	2.17478400	2.09509300	0.57013100
H	20	2.38870300	1.82905400	1.61084700
H	21	2.95619700	2.78350900	0.23723700
H	22	1.22819800	2.64000800	0.55240700
C	23	-3.25438100	1.51657900	-0.03754300
H	24	-3.91645300	2.08505900	-0.68026600
H	25	-2.98713700	1.95359100	0.91955400
C	26	0.97985100	-0.09007900	0.10099000
H	27	0.96979200	-0.20225200	1.19062500
O	28	1.10666200	-1.41836300	-0.45108400
O	29	1.80347400	-2.26273800	0.50406400
H	30	2.65024900	-2.38793800	0.05484000
1 5
4
1 2 3 4 
19 5
4
19 20 21 22 
5 26
10
1 2 3 4 5 6 19 20 21 22 
10 7
12
10 11 12 13 14 15 16 17 18 23 24 25 
7 26
15
7 8 9 10 11 12 13 14 15 16 17 18 23 24 25 
13 10
9
13 14 15 16 17 18 23 24 25 
15 13
4
15 16 17 18 
23 13
3
23 24 25 
28 26
3
28 29 30 
29 28
2
29 30 
0 0






