C9H18OOH_3_26_f
ANGS
30
C	1	3.49102700	0.12878300	-0.43610500
H	2	3.49110700	-0.79618900	-1.01832100
H	3	3.79733900	-0.09961500	0.58897700
H	4	4.24915200	0.78528200	-0.87222000
C	5	2.11509800	0.80915500	-0.47371700
H	6	1.85671000	0.96914000	-1.52876100
C	7	-0.40869700	0.35120900	-0.32711200
H	8	-0.50831900	0.06867800	-1.38115000
H	9	-0.49895300	1.44040900	-0.28744700
C	10	-1.54854700	-0.29815900	0.49092200
H	11	-1.43414100	0.01269600	1.54003200
H	12	-1.40359700	-1.38185900	0.46792100
C	13	-2.91898200	0.05991400	-0.00591400
C	14	-3.74485200	-0.95591400	-0.72779600
H	15	-4.34545200	-1.56875000	-0.03218900
H	16	-4.45602100	-0.48767200	-1.41729700
H	17	-3.12435600	-1.65306800	-1.29914300
C	18	2.18321600	2.17932100	0.21903400
H	19	2.46429600	2.06735700	1.27167100
H	20	2.93332700	2.81603400	-0.25773700
H	21	1.23036500	2.71240200	0.18273800
C	22	-3.56931700	1.32122300	0.46668700
H	23	-4.24478500	1.74160000	-0.28693400
H	24	-4.18103000	1.15395400	1.37099100
H	25	-2.83446500	2.08955500	0.72661300
C	26	0.99134100	-0.05638800	0.14422400
H	27	1.05110900	-0.01323700	1.23732300
O	28	1.09984100	-1.44833800	-0.22254300
O	29	1.86677100	-2.14630700	0.79515100
H	30	2.68310200	-2.33441900	0.31272700
1 5
4
1 2 3 4 
18 5
4
18 19 20 21 
5 26
10
1 2 3 4 5 6 18 19 20 21 
10 7
12
10 11 12 13 14 15 16 17 22 23 24 25 
7 26
15
7 8 9 10 11 12 13 14 15 16 17 22 23 24 25 
13 10
9
13 14 15 16 17 22 23 24 25 
14 13
4
14 15 16 17 
22 13
4
22 23 24 25 
28 26
3
28 29 30 
29 28
2
29 30 
0 0






