C9H19O2_3_26
ANGS
30
C	1	-3.61751300	0.03576200	0.04687800
H	2	-3.66769400	1.03230100	-0.39269200
H	3	-3.71312500	0.14250800	1.13230200
H	4	-4.47877200	-0.53535700	-0.30963900
C	5	-2.31376200	-0.68767500	-0.32145700
H	6	-2.26656700	-0.77897800	-1.41396400
C	7	0.27194100	-0.44481000	-0.31931900
H	8	0.29672700	-0.46534000	-1.41582700
H	9	0.33336900	-1.48260100	0.01538800
C	10	1.46831000	0.35240100	0.21698800
H	11	1.47721200	0.29876500	1.31403500
H	12	1.33104800	1.40771700	-0.03695600
C	13	2.83890300	-0.10473900	-0.31737100
H	14	2.79375200	-0.07002600	-1.41462500
C	15	3.93733900	0.86710500	0.13557400
H	16	4.02960600	0.87047000	1.22718400
H	17	4.91011100	0.58634400	-0.27818600
H	18	3.71928300	1.89039500	-0.18295100
C	19	-2.29943400	-2.10069000	0.28507000
H	20	-2.26194000	-2.05638000	1.37872100
H	21	-3.21231600	-2.63469900	0.00969400
H	22	-1.45406100	-2.69924200	-0.05922900
C	23	3.18684200	-1.54207000	0.09609700
H	24	4.17329600	-1.82791000	-0.27994100
H	25	3.20838700	-1.63724300	1.18760100
H	26	2.46844300	-2.27017600	-0.28916600
C	27	-1.07849500	0.11829000	0.11947400
H	28	-1.10469300	0.30162500	1.19722300
O	29	-1.17661500	1.45717100	-0.49852700
O	30	-1.44174200	2.41362800	0.36845600
1 5
4
1 2 3 4 
19 5
4
19 20 21 22 
5 27
10
1 2 3 4 5 6 19 20 21 22 
10 7
13
10 11 12 13 14 15 16 17 18 23 24 25 26 
27 7
14
1 2 3 4 5 6 19 20 21 22 27 28 29 30 
13 10
10
13 14 15 16 17 18 23 24 25 26 
15 13
4
15 16 17 18 
23 13
4
23 24 25 26 
29 27
2
29 30 
0 0






