C9H18O_12_26
ANGS
28
C	1	-3.58270200	-1.00768100	-0.39801700
H	2	-3.51138100	-1.93820000	0.17328200
H	3	-3.61365000	-1.26529300	-1.46110200
H	4	-4.51917300	-0.51548900	-0.13018300
C	5	-1.04041300	-0.74073100	-0.35536500
H	6	-0.99778600	-1.66772800	0.23161300
H	7	-1.00319300	-1.04861800	-1.40788700
C	8	0.18154200	0.11967400	-0.01815700
H	9	0.05428700	0.52925500	0.98933700
H	10	0.22808600	0.97175200	-0.70356500
C	11	1.49286800	-0.67274000	-0.08908500
H	12	1.62974800	-1.07133500	-1.10410400
H	13	1.40722000	-1.54592000	0.56965200
C	14	2.75585200	0.11403000	0.31006500
H	15	2.57361000	0.54855100	1.30249900
C	16	3.96228200	-0.82826500	0.42608500
H	17	4.18506800	-1.29811900	-0.53833700
H	18	4.85834000	-0.28837800	0.74591300
H	19	3.77647000	-1.62705700	1.15005000
C	20	-2.59990100	1.34621300	-0.07775400
H	21	-3.58266900	1.75013900	-0.31265500
H	22	-1.76873600	2.01967200	-0.26662800
C	23	3.06470700	1.26450500	-0.65903700
H	24	3.96879000	1.79967200	-0.35439300
H	25	3.23144800	0.88311300	-1.67284700
H	26	2.25254900	1.99388000	-0.70525700
C	27	-2.40136800	-0.11170900	-0.09147600
O	28	-2.52077700	0.60879100	1.15138200
1 27
4
1 2 3 4 
5 8
12
1 2 3 4 5 6 7 20 21 22 27 28 
27 5
9
1 2 3 4 20 21 22 27 28 
11 8
13
11 12 13 14 15 16 17 18 19 23 24 25 26 
14 11
10
14 15 16 17 18 19 23 24 25 26 
16 14
4
16 17 18 19 
23 14
4
23 24 25 26 
0 0






