C9H18O_23_26
ANGS
28
C	1	3.67506400	-0.33244100	0.79971800
H	2	3.43693200	-1.12247300	1.51390300
H	3	4.04783100	0.53677300	1.35046000
H	4	4.47981500	-0.69134000	0.15075100
C	5	1.11689500	-0.24428400	0.53094900
H	6	1.10056400	-0.69781000	1.52459900
C	7	-0.16416700	0.47266800	0.17758200
H	8	-0.06800800	0.96525200	-0.79357000
H	9	-0.32937100	1.25991000	0.92236600
C	10	-1.35797800	-0.49395000	0.13892900
H	11	-1.48859200	-0.95455200	1.12774800
H	12	-1.10708100	-1.30853600	-0.54899700
C	13	-2.69355300	0.13475100	-0.29958000
H	14	-2.52861700	0.61601700	-1.27358100
C	15	-3.75850700	-0.95410200	-0.49080500
H	16	-3.96225900	-1.46968100	0.45407300
H	17	-4.70169000	-0.52924400	-0.84656100
H	18	-3.43318900	-1.70527300	-1.21620000
C	19	2.69772600	1.09148300	-1.07628000
H	20	2.98922000	2.03855000	-0.61149900
H	21	3.51154800	0.77866900	-1.73761700
H	22	1.81506100	1.26089100	-1.69112200
C	23	-3.18975700	1.20872300	0.67920800
H	24	-4.14233100	1.63057100	0.34569100
H	25	-3.34775100	0.78192200	1.67613300
H	26	-2.48302800	2.03635000	0.77865000
C	27	2.45738000	0.02914700	-0.02575200
O	28	1.68904100	-1.11224600	-0.46613000
1 27
4
1 2 3 4 
5 7
12
1 2 3 4 5 6 19 20 21 22 27 28 
27 5
10
1 2 3 4 19 20 21 22 27 28 
28 5
10
1 2 3 4 19 20 21 22 27 28 
10 7
13
10 11 12 13 14 15 16 17 18 23 24 25 26 
13 10
10
13 14 15 16 17 18 23 24 25 26 
15 13
4
15 16 17 18 
23 13
4
23 24 25 26 
19 27
4
19 20 21 22 
28 27
19
5 6 7 8 9 10 11 12 13 14 15 16 17 18 23 24 25 26 28 
0 0






