C9H18O_25_26
ANGS
28
C	1	2.24406100	0.01545300	1.39904400
H	2	1.62635000	0.66973500	2.01995000
H	3	3.25271400	0.43742600	1.36780900
H	4	2.29219000	-0.96299300	1.88282400
C	5	1.36464400	1.23880300	-0.66136700
H	6	2.10723700	1.99652600	-0.40154800
H	7	1.36618600	1.13157400	-1.74905100
C	8	-0.05059700	1.58462700	-0.15682000
H	9	-0.66095200	2.01247600	-0.95474300
H	10	-0.02449200	2.31546100	0.65420200
C	11	-0.62961400	0.22957900	0.33778600
H	12	-0.77944600	0.26560400	1.42806300
C	13	-1.95291800	-0.19857000	-0.31020900
H	14	-1.79924600	-0.16098000	-1.39707200
C	15	-2.31867800	-1.63810900	0.07308600
H	16	-2.48388900	-1.72216200	1.15307800
H	17	-3.23860200	-1.95074600	-0.42969300
H	18	-1.52020800	-2.32821100	-0.19967700
C	19	2.55001800	-1.02874600	-0.87660400
H	20	3.54150000	-0.58696800	-1.00883400
H	21	2.66997000	-2.00821700	-0.40710700
H	22	2.09578400	-1.17356200	-1.85919100
C	23	-3.08423800	0.77044000	0.06076800
H	24	-4.01840100	0.47524400	-0.42444900
H	25	-3.26002500	0.76846400	1.14207300
H	26	-2.86654500	1.79862300	-0.24022400
C	27	1.66661900	-0.13025900	-0.01747200
O	28	0.37051300	-0.75457600	0.04179100
1 27
4
1 2 3 4 
5 8
25
1 2 3 4 5 6 7 11 12 13 14 15 16 17 18 19 20 21 22 23 24 25 26 27 28 
5 27
19
5 6 7 8 9 10 11 12 13 14 15 16 17 18 23 24 25 26 28 
8 11
16
1 2 3 4 5 6 7 8 9 10 19 20 21 22 27 28 
13 11
10
13 14 15 16 17 18 23 24 25 26 
28 11
16
1 2 3 4 5 6 7 8 9 10 19 20 21 22 27 28 
15 13
4
15 16 17 18 
23 13
4
23 24 25 26 
19 27
4
19 20 21 22 
28 27
19
5 6 7 8 9 10 11 12 13 14 15 16 17 18 23 24 25 26 28 
0 0






