C9H18OOH_2_26_g
ANGS
30
C	1	3.22695800	0.03604400	1.13157900
H	2	3.19916600	-1.00950700	1.44297000
H	3	3.15374300	0.65830300	2.02718700
H	4	4.18971100	0.23663500	0.65351900
C	5	0.71878600	0.01128800	0.81194500
H	6	0.75723600	-1.03252500	1.13759900
H	7	0.62109900	0.61812000	1.72038500
C	8	-0.50845300	0.21015900	-0.08428900
H	9	-0.34593200	-0.31983900	-1.02839500
H	10	-0.62827200	1.26907300	-0.33469500
C	11	-1.79688200	-0.29666100	0.57203100
H	12	-1.96571800	0.23151900	1.51978100
H	13	-1.67958900	-1.35791500	0.82517400
C	14	-3.06688500	-0.14693400	-0.31102200
H	15	-2.86209000	-0.66938000	-1.25422600
C	16	-4.26600100	-0.83510800	0.36932400
H	17	-4.50151900	-0.34856100	1.32172500
H	18	-5.15818500	-0.78672200	-0.25976200
H	19	-4.04965200	-1.88766200	0.57518200
C	20	2.16338400	1.78547100	-0.34153000
H	21	1.98456300	2.47928400	0.48352200
H	22	3.15396800	1.98600000	-0.75535900
H	23	1.42354300	1.97254200	-1.12047100
C	24	-3.37552500	1.28286100	-0.61990900
H	25	-3.83007200	1.91488400	0.13661800
H	26	-3.08475900	1.74526200	-1.55471300
C	27	2.07814400	0.34272700	0.16596900
O	28	2.25174000	-0.40911300	-1.06522700
O	29	2.18357300	-1.83464500	-0.77809800
H	30	3.09909000	-2.08852400	-0.95403900
1 27
4
1 2 3 4 
5 8
15
1 2 3 4 5 6 7 20 21 22 23 27 28 29 30 
27 5
12
1 2 3 4 20 21 22 23 27 28 29 30 
11 8
12
11 12 13 14 15 16 17 18 19 24 25 26 
14 11
9
14 15 16 17 18 19 24 25 26 
16 14
4
16 17 18 19 
24 14
3
24 25 26 
20 27
4
20 21 22 23 
28 27
3
28 29 30 
29 28
2
29 30 
0 0






