TS_2d_24
ANGS
30
C	1	-2.58459100	-0.49352900	1.45759800
H	2	-1.93649600	-0.06830900	2.22845900
H	3	-2.82352000	-1.52419600	1.73884700
H	4	-3.50667400	0.08591400	1.42069300
C	5	-0.50279800	-1.17389000	0.11989300
H	6	-0.15998000	-1.33486600	1.14485100
H	7	-0.52924700	-2.14386600	-0.38955700
C	8	0.36042600	-0.15544200	-0.57462500
H	9	0.33467300	-0.13667700	-1.65982500
C	10	1.47714300	0.58561400	0.07763400
H	11	1.37866700	0.52857600	1.16813400
H	12	1.38703100	1.64635700	-0.19093000
C	13	2.89751500	0.11088700	-0.33137200
H	14	2.96099400	0.17689400	-1.42538300
C	15	3.96076800	1.04453200	0.26097300
H	16	3.93428700	1.02220200	1.35580600
H	17	4.96531900	0.74634500	-0.05247800
H	18	3.80378000	2.07964800	-0.05551200
C	19	-2.78320900	-0.94482500	-1.02778800
H	20	-3.14402800	-1.95931800	-0.83191800
H	21	-3.63964800	-0.27684300	-1.12325100
H	22	-2.24265500	-0.94624200	-1.97759100
C	23	3.15582500	-1.34661700	0.07200900
H	24	4.15345800	-1.66916200	-0.23951700
H	25	3.09310300	-1.46758600	1.15910800
H	26	2.43024200	-2.02685400	-0.38237100
C	27	-1.87884900	-0.46938100	0.10653200
O	28	-1.36425000	0.87002700	-0.20428600
O	29	-2.72809400	1.85601400	-0.20042200
H	30	-2.33393700	2.51556300	0.38499100
1 27
4
1 2 3 4 
10 8
13
10 11 12 13 14 15 16 17 18 23 24 25 26 
13 10
10
13 14 15 16 17 18 23 24 25 26 
15 13
4
15 16 17 18 
23 13
4
23 24 25 26 
19 27
4
19 20 21 22 
29 28
2
29 30 
0 0






