TS_2d_1
ANGS
30
C	1	2.16199300	-1.83577400	-0.63259200
H	2	3.06273400	-2.32003900	-0.24603700
H	3	2.25331000	-1.75298200	-1.71632200
H	4	1.29387300	-2.45470200	-0.38631100
C	5	0.50564600	0.20672400	-0.71919600
H	6	0.57656300	1.21583700	-0.32079500
H	7	0.79759500	0.16564900	-1.76699200
C	8	-0.67596400	-0.50437400	-0.39950300
H	9	-0.96064200	-1.34402000	-1.02958600
C	10	-1.54044100	-0.23129700	0.78595900
H	11	-1.08891300	0.55409900	1.39919500
H	12	-1.60131500	-1.13329500	1.41295100
C	13	-3.00419700	0.18506400	0.44586100
H	14	-3.49526200	0.33792000	1.41491800
C	15	-3.77210300	-0.92014600	-0.29074600
H	16	-3.73777300	-1.86641600	0.25786900
H	17	-4.82336700	-0.64370000	-0.41043200
H	18	-3.36600800	-1.09526200	-1.29149000
C	19	1.84947300	-0.47570000	1.52565900
H	20	2.76694700	-0.87861300	1.96556600
H	21	1.71852400	0.54194500	1.89345700
H	22	1.00962200	-1.09596300	1.84507800
C	23	-3.05589600	1.51270300	-0.31991600
H	24	-4.09084700	1.82907900	-0.47833500
H	25	-2.54284700	2.30900300	0.22687400
H	26	-2.57973100	1.42384700	-1.30110800
C	27	2.00598000	-0.45102400	0.00656400
O	28	2.99006700	0.32615600	-0.42309800
O	29	2.56885700	2.04885000	-0.03650600
H	30	3.48921400	2.29051400	-0.20421300
1 27
4
1 2 3 4 
27 5
12
1 2 3 4 19 20 21 22 27 28 29 30 
10 8
13
10 11 12 13 14 15 16 17 18 23 24 25 26 
13 10
10
13 14 15 16 17 18 23 24 25 26 
15 13
4
15 16 17 18 
23 13
4
23 24 25 26 
19 27
4
19 20 21 22 
29 28
2
29 30 
0 0






