TS_2f_26
ANGS
30
C	1	-2.49392700	-0.09393400	-1.07479800
H	2	-2.05372500	-0.21935600	-2.06671100
H	3	-3.23488800	0.70994300	-1.11995800
H	4	-2.99257100	-1.02240100	-0.80178200
C	5	-0.74059300	1.58269400	-0.47456300
H	6	-0.54213500	1.54498900	-1.55145300
H	7	-1.50886400	2.34949700	-0.32881700
C	8	0.54059700	2.01535300	0.24702500
H	9	0.44521500	1.86975500	1.32741900
H	10	0.67811000	3.09144700	0.09793900
C	11	1.79995200	1.29969700	-0.28042400
H	12	2.68161700	1.74213500	0.21143000
H	13	1.89858600	1.51752300	-1.34897900
C	14	1.80911000	-0.18232000	-0.06232100
C	15	2.15415000	-1.09990200	-1.18861200
H	16	3.24268100	-1.26789400	-1.23646200
H	17	1.67644100	-2.07365700	-1.05273300
H	18	1.83743400	-0.69679400	-2.15226200
C	19	-1.98184900	0.32441800	1.36339500
H	20	-2.77142800	1.07914500	1.42238900
H	21	-2.40897800	-0.64222700	1.63217400
H	22	-1.21180500	0.57592800	2.09675400
C	23	2.07397600	-0.68290700	1.32160700
H	24	1.69959500	-1.70117000	1.45463400
H	25	3.15889200	-0.71267400	1.51368800
H	26	1.62603400	-0.04663200	2.08790800
C	27	-1.39906700	0.24549500	-0.05430700
O	28	-0.36496400	-0.76383300	-0.09868300
O	29	-1.14528100	-2.24962800	0.10887300
H	30	-0.71234800	-2.44143400	0.95128600
1 27
4
1 2 3 4 
5 8
27
1 2 3 4 5 6 7 11 12 13 14 15 16 17 18 19 20 21 22 23 24 25 26 27 28 29 30 
5 27
21
5 6 7 8 9 10 11 12 13 14 15 16 17 18 23 24 25 26 28 29 30 
8 11
27
1 2 3 4 5 6 7 8 9 10 14 15 16 17 18 19 20 21 22 23 24 25 26 27 28 29 30 
11 14
21
1 2 3 4 5 6 7 8 9 10 11 12 13 19 20 21 22 27 28 29 30 
15 14
4
15 16 17 18 
23 14
4
23 24 25 26 
28 14
21
1 2 3 4 5 6 7 8 9 10 11 12 13 19 20 21 22 27 28 29 30 
19 27
4
19 20 21 22 
28 27
21
5 6 7 8 9 10 11 12 13 14 15 16 17 18 23 24 25 26 28 29 30 
29 28
2
29 30 
0 0






