TS_2a_1
ANGS
30
C	1	-3.28743500	-0.37001200	1.09084400
H	2	-3.33056500	0.68755000	1.36053600
H	3	-3.21935200	-0.94267400	2.02149500
H	4	-4.21367300	-0.64944700	0.58446700
C	5	-0.76322400	-0.17765100	0.81505200
H	6	-0.88051600	0.88305000	1.06021300
H	7	-0.62599900	-0.69729200	1.77420100
C	8	0.48165400	-0.36470800	-0.05662000
H	9	0.28605200	0.07815800	-1.03837900
H	10	0.66683600	-1.43182400	-0.21464200
C	11	1.72428700	0.28680300	0.56406200
H	12	1.92660000	-0.16487300	1.54563200
H	13	1.50203000	1.34354600	0.75629400
C	14	3.00301500	0.20643000	-0.29146100
H	15	2.76300000	0.61566000	-1.28223400
C	16	4.11273200	1.07506000	0.31736700
H	17	4.38751900	0.71486900	1.31506300
H	18	5.01515400	1.05763000	-0.30084600
H	19	3.79414800	2.11687900	0.41609200
C	20	-2.13816700	-1.75081000	-0.62791100
H	21	-3.09263300	-2.19242700	-0.88797800
H	22	-1.26255900	-2.11822400	-1.14588100
C	23	3.49435700	-1.23576600	-0.48292600
H	24	4.40611700	-1.26096200	-1.08694600
H	25	3.72465500	-1.69831200	0.48360700
H	26	2.75211900	-1.86156800	-0.98421700
C	27	-2.08042800	-0.64740400	0.22517300
O	28	-2.29137000	0.71259300	-1.13047900
O	29	-2.50985400	1.95296900	-0.50981200
H	30	-3.46988800	2.06411800	-0.57564200
1 27
4
1 2 3 4 
5 8
14
1 2 3 4 5 6 7 20 21 22 27 28 29 30 
27 5
11
1 2 3 4 20 21 22 27 28 29 30 
11 8
13
11 12 13 14 15 16 17 18 19 23 24 25 26 
14 11
10
14 15 16 17 18 19 23 24 25 26 
16 14
4
16 17 18 19 
23 14
4
23 24 25 26 
28 27
3
28 29 30 
29 28
2
29 30 
0 0






