TS_2a_12
ANGS
30
C	1	-3.28686900	-0.03951900	1.20070800
H	2	-3.28672800	1.03617000	1.38112700
H	3	-3.19635300	-0.56177800	2.15696600
H	4	-4.23987300	-0.31078800	0.74030200
C	5	-0.76491100	-0.04866100	0.88994000
H	6	-0.81618700	1.00249100	1.19184500
H	7	-0.64801700	-0.63589000	1.80911200
C	8	0.44844200	-0.24355600	-0.02489700
H	9	0.26086400	0.27996100	-0.96700300
H	10	0.56602000	-1.30497500	-0.26747400
C	11	1.74231600	0.28145900	0.61047600
H	12	1.94119500	-0.25947000	1.54654500
H	13	1.58826700	1.33000400	0.89345100
C	14	2.99403000	0.19931600	-0.28411000
H	15	2.75982200	0.71173400	-1.22696400
C	16	4.17049000	0.93660700	0.37106300
H	17	4.44093900	0.46913500	1.32440300
H	18	5.05708300	0.91928300	-0.26962100
H	19	3.92271500	1.98295000	0.57206500
C	20	-2.26214300	-1.69921900	-0.41425900
H	21	-3.24450300	-2.12636200	-0.56503700
H	22	-1.41340000	-2.16436200	-0.89423400
C	23	3.38690700	-1.24716700	-0.61773300
H	24	4.28660900	-1.27404500	-1.23949600
H	25	3.59982900	-1.81217200	0.29708600
H	26	2.59860400	-1.77423100	-1.16056900
C	27	-2.12780100	-0.38937600	0.27322500
O	28	-2.30055000	0.13658400	-1.03130500
O	29	-2.30791400	1.86983400	-0.95170700
H	30	-3.11193000	1.94170500	-1.48489500
1 27
4
1 2 3 4 
5 8
14
1 2 3 4 5 6 7 20 21 22 27 28 29 30 
27 5
11
1 2 3 4 20 21 22 27 28 29 30 
11 8
13
11 12 13 14 15 16 17 18 19 23 24 25 26 
14 11
10
14 15 16 17 18 19 23 24 25 26 
16 14
4
16 17 18 19 
23 14
4
23 24 25 26 
20 27
6
20 21 22 28 29 30 
20 28
27
1 2 3 4 5 6 7 8 9 10 11 12 13 14 15 16 17 18 19 20 21 22 23 24 25 26 27 
28 27
6
20 21 22 28 29 30 
29 28
2
29 30 
0 0






