TS_2e_25
ANGS
30
C	1	1.94269000	-0.28791300	1.54855800
H	2	2.71486800	-1.02123800	1.79939000
H	3	2.28024600	0.69868400	1.86638200
C	4	1.67542900	-0.27682800	0.03927500
C	5	2.95813500	0.01911400	-0.74541200
H	6	2.73400500	0.11497600	-1.81114600
H	7	3.40797600	0.94829900	-0.39790200
C	8	-1.16098800	-0.55376900	-0.55003800
H	9	-1.18063300	-0.39554200	-1.62592000
C	10	-2.19568100	0.15838500	0.26264000
H	11	-1.85272300	0.16721400	1.30493700
C	12	-2.37755000	1.61389900	-0.19188400
H	13	-2.68870200	1.65832800	-1.24142500
H	14	-3.14804000	2.11203800	0.40380800
H	15	-1.44335800	2.16579000	-0.08228900
C	16	-3.54039500	-0.60834500	0.22182700
H	17	-4.28256000	-0.11066400	0.85381100
H	18	-3.93666600	-0.64479200	-0.79776900
H	19	-3.43003100	-1.63621700	0.57789300
H	20	3.68042100	-0.79237200	-0.61718900
H	21	1.03790000	-0.53224100	2.10846300
O	22	0.65855600	0.70797000	-0.26750400
C	23	1.06543300	-1.61253900	-0.45284800
H	24	1.14073500	-1.64537300	-1.54478000
H	25	1.66200200	-2.44489000	-0.06362100
C	26	-0.41218700	-1.74466900	-0.05727000
H	27	-0.80930400	-2.67621100	-0.48880200
H	28	-0.51719800	-1.83562400	1.02813700
O	29	1.30309900	2.17618500	0.14487700
H	30	1.20850800	2.55258800	-0.74005600
1 4
4
1 2 3 21 
5 4
4
5 6 7 20 
22 4
21
8 9 10 11 12 13 14 15 16 17 18 19 22 23 24 25 26 27 28 29 30 
23 4
21
8 9 10 11 12 13 14 15 16 17 18 19 22 23 24 25 26 27 28 29 30 
10 8
10
10 11 12 13 14 15 16 17 18 19 
22 8
18
1 2 3 4 5 6 7 20 21 22 23 24 25 26 27 28 29 30 
26 8
18
1 2 3 4 5 6 7 20 21 22 23 24 25 26 27 28 29 30 
12 10
4
12 13 14 15 
16 10
4
16 17 18 19 
29 22
2
29 30 
23 26
27
1 2 3 4 5 6 7 8 9 10 11 12 13 14 15 16 17 18 19 20 21 22 23 24 25 29 30 
0 0






