TS_2c_23
ANGS
30
C	1	3.21210300	-0.90028200	-0.92544700
H	2	3.02112700	-0.65048500	-1.97110200
H	3	3.37460700	-1.97854800	-0.83991700
H	4	4.11775800	-0.37905500	-0.61142200
C	5	0.70003900	-0.74806100	-0.62784200
H	6	0.66091900	-0.81269000	-1.71122900
C	7	-0.59269300	-0.80743600	0.10205200
H	8	-0.44597300	-0.65828700	1.17403700
H	9	-0.99053800	-1.82670100	-0.01870600
C	10	-1.63282900	0.20434700	-0.42610700
H	11	-1.81040800	0.01883400	-1.49337700
H	12	-1.18964600	1.20201100	-0.35577200
C	13	-2.97884600	0.19063600	0.32131000
H	14	-2.76694900	0.33457700	1.38985000
C	15	-3.85291900	1.36462800	-0.14243100
H	16	-4.09776600	1.27280100	-1.20614800
H	17	-4.79471000	1.39960400	0.41268200
H	18	-3.34297400	2.32151900	0.00017500
C	19	2.27201400	-0.76940300	1.42237000
H	20	2.37735700	-1.84624700	1.58082000
H	21	3.18758400	-0.27237300	1.74508400
H	22	1.45489900	-0.39898500	2.04273500
C	23	-3.73159400	-1.13809900	0.16360100
H	24	-4.68706400	-1.11000600	0.69515600
H	25	-3.94596900	-1.34006100	-0.89183100
H	26	-3.16534700	-1.98586200	0.55808900
C	27	2.04456100	-0.44837200	-0.05138200
O	28	1.70989700	0.91021200	-0.27550100
O	29	3.03210700	1.91133700	0.23515900
H	30	2.46804200	2.44980600	0.80686700
1 27
4
1 2 3 4 
5 7
14
1 2 3 4 5 6 19 20 21 22 27 28 29 30 
27 5
12
1 2 3 4 19 20 21 22 27 28 29 30 
28 5
12
1 2 3 4 19 20 21 22 27 28 29 30 
10 7
13
10 11 12 13 14 15 16 17 18 23 24 25 26 
13 10
10
13 14 15 16 17 18 23 24 25 26 
15 13
4
15 16 17 18 
23 13
4
23 24 25 26 
19 27
4
19 20 21 22 
28 27
21
5 6 7 8 9 10 11 12 13 14 15 16 17 18 23 24 25 26 28 29 30 
29 28
2
29 30 
0 0






