TS_2c_2
ANGS
30
C	1	3.23131400	-0.59267300	-0.83838600
H	2	3.23984800	0.19824100	-1.59083000
H	3	3.46795100	-1.53700600	-1.34044900
H	4	4.02407600	-0.40057500	-0.11048300
C	5	0.74765400	-0.46917700	-0.93884900
H	6	0.89472600	0.05306800	-1.88182400
C	7	-0.67412000	-0.69268200	-0.53693600
H	8	-0.73352000	-1.33322500	0.34519700
H	9	-1.18313500	-1.22887200	-1.34845800
C	10	-1.41334200	0.64319100	-0.27454700
H	11	-1.32346100	1.27032700	-1.16954900
H	12	-0.87971300	1.17162400	0.52052500
C	13	-2.90722300	0.52492500	0.09603800
H	14	-3.25713900	1.55613200	0.23591100
C	15	-3.75372900	-0.09021300	-1.02794700
H	16	-3.50731800	-1.14408500	-1.19091000
H	17	-4.81922700	-0.04093100	-0.78469300
H	18	-3.60372800	0.43858100	-1.97428400
C	19	1.83828100	-1.55747000	1.07170100
H	20	1.79755200	-2.61460300	0.78711200
H	21	2.73055200	-1.40175800	1.67959900
H	22	0.96836900	-1.33657000	1.69055300
C	23	-3.13085300	-0.21024400	1.42570800
H	24	-4.18234100	-0.16391000	1.72421500
H	25	-2.86065800	-1.26836200	1.35330400
H	26	-2.53551100	0.23362900	2.22908200
C	27	1.88550200	-0.68031000	-0.15788400
O	28	1.88742400	0.96372000	0.86028500
O	29	2.30634600	2.07060300	0.10787600
H	30	3.27159600	2.02163900	0.16730600
1 27
4
1 2 3 4 
5 7
14
1 2 3 4 5 6 19 20 21 22 27 28 29 30 
10 7
13
10 11 12 13 14 15 16 17 18 23 24 25 26 
13 10
10
13 14 15 16 17 18 23 24 25 26 
15 13
4
15 16 17 18 
23 13
4
23 24 25 26 
19 27
4
19 20 21 22 
28 27
3
28 29 30 
29 28
2
29 30 
0 0






