TS_3_C9H18O_3
ANGS
30
C	1	3.63369600	-0.17808500	-0.01605200
H	2	3.62863500	-1.15679100	-0.49458700
H	3	3.70349300	-0.33134300	1.06451000
H	4	4.52464800	0.36584800	-0.33983800
C	5	2.37263100	0.61961800	-0.37657000
H	6	2.38898300	0.79174900	-1.46522200
C	7	-0.26220400	0.46780800	-0.34723100
H	8	-0.34111800	0.67927400	-1.42566500
H	9	-0.27745500	1.43449000	0.15903800
C	10	-1.45775200	-0.39135800	0.08592500
H	11	-1.43855800	-0.51832200	1.17543900
H	12	-1.33485500	-1.38988600	-0.34031100
C	13	-2.82869200	0.17159100	-0.33224900
H	14	-2.81136200	0.31330100	-1.42194800
C	15	-3.93608500	-0.84186800	-0.01169200
H	16	-3.99880300	-1.02311000	1.06677800
H	17	-4.91312100	-0.48009500	-0.34471500
H	18	-3.74849100	-1.80261900	-0.49922000
C	19	2.36416200	1.98782500	0.32136200
H	20	2.26104900	1.87269600	1.40518300
H	21	3.30695100	2.50731100	0.13345600
H	22	1.55837900	2.63505000	-0.03006100
C	23	-3.13623900	1.52971900	0.31512000
H	24	-3.13081700	1.44870500	1.40791900
H	25	-4.12444500	1.89032700	0.01553800
H	26	-2.41099100	2.29748700	0.03337800
C	27	1.09320800	-0.17763700	-0.12815000
H	28	1.14179500	-0.73664600	1.08253900
O	29	1.16146900	-1.49946700	-0.59707700
O	30	1.20849900	-1.99092200	0.81645300
1 5
4
1 2 3 4 
19 5
4
19 20 21 22 
5 27
10
1 2 3 4 5 6 19 20 21 22 
10 7
13
10 11 12 13 14 15 16 17 18 23 24 25 26 
27 7
14
1 2 3 4 5 6 19 20 21 22 27 28 29 30 
13 10
10
13 14 15 16 17 18 23 24 25 26 
15 13
4
15 16 17 18 
23 13
4
23 24 25 26 
0 0






