TS_3_3d
ANGS
30
C	1	-3.68040600	-0.20144300	-0.23239400
H	2	-3.66404900	-1.25746300	0.03836800
H	3	-3.82327700	-0.13316800	-1.31667900
H	4	-4.54455200	0.26648700	0.24690800
C	5	-2.38404200	0.49697800	0.19577900
H	6	-2.28748100	0.40568500	1.28354600
C	7	0.18558000	0.22044000	0.19385300
H	8	0.02580400	-0.81524400	1.05283200
H	9	0.17742200	1.13378100	0.78588300
C	10	1.42511900	-0.02244300	-0.62521500
H	11	1.48822800	0.75906300	-1.40233900
H	12	1.30529100	-0.97156400	-1.15881900
C	13	2.75422000	-0.04446800	0.15833600
H	14	2.65864400	-0.81442500	0.93463700
C	15	3.90676300	-0.45217600	-0.76896400
H	16	4.04666100	0.28497000	-1.56732100
H	17	4.84801500	-0.52600800	-0.21732000
H	18	3.71652800	-1.42137400	-1.23845500
C	19	-2.41345800	1.98643200	-0.17804700
H	20	-2.50073200	2.11459000	-1.26254000
H	21	-3.27485400	2.47874000	0.28054900
H	22	-1.51765500	2.52031800	0.14978700
C	23	3.05595000	1.29366800	0.84671000
H	24	4.01126700	1.24996000	1.37692900
H	25	3.12170400	2.10418100	0.11222800
H	26	2.29080200	1.56470800	1.57848100
C	27	-1.16020700	-0.19572500	-0.42778100
H	28	-1.17427600	-0.06863000	-1.51831200
O	29	-1.16451700	-1.62952300	-0.24179700
O	30	-0.71555900	-1.79075100	1.10029400
1 5
4
1 2 3 4 
19 5
4
19 20 21 22 
5 27
10
1 2 3 4 5 6 19 20 21 22 
10 7
13
10 11 12 13 14 15 16 17 18 23 24 25 26 
13 10
10
13 14 15 16 17 18 23 24 25 26 
15 13
4
15 16 17 18 
23 13
4
23 24 25 26 
0 0






