TS_3_C9H18_3
ANGS
30
C	1	3.62683700	0.25967200	-0.29305700
H	2	3.49877000	1.33090800	-0.13935800
H	3	3.74581700	0.08194500	-1.36716300
H	4	4.55266400	-0.05197300	0.19813200
C	5	2.43410200	-0.53133100	0.26026700
H	6	2.33457500	-0.31894500	1.33174200
C	7	-0.11408900	-0.30900100	0.20430200
H	8	-0.19191800	0.96830900	0.56714400
H	9	-0.10214100	-0.79072000	1.18407700
C	10	-1.37719700	-0.53333100	-0.62816600
H	11	-1.50344200	-1.60973600	-0.80852600
H	12	-1.22790000	-0.07463300	-1.61235400
C	13	-2.68421900	0.01575400	-0.02201700
H	14	-2.54580700	1.09097300	0.14912200
C	15	-3.84170300	-0.15655100	-1.01471800
H	16	-4.02125000	-1.21651900	-1.22648100
H	17	-4.76972700	0.26339500	-0.61673300
H	18	-3.62974300	0.34201100	-1.96512600
C	19	2.67180600	-2.05214800	0.10586700
H	20	2.75689200	-2.32925300	-0.94954900
H	21	3.60279100	-2.33945400	0.60281400
H	22	1.85696800	-2.63340300	0.54326600
C	23	-3.02336600	-0.63959500	1.32423700
H	24	-3.14285400	-1.72313900	1.21074200
H	25	-3.96078400	-0.24368600	1.72500500
H	26	-2.24865800	-0.46433500	2.07480300
C	27	1.13112500	-0.17746800	-0.40500900
H	28	1.17302400	-0.00770800	-1.47855800
O	29	1.20841500	2.09617900	-0.13963300
O	30	0.15195400	2.21256700	0.56297900
1 5
4
1 2 3 4 
19 5
4
19 20 21 22 
5 27
10
1 2 3 4 5 6 19 20 21 22 
8 7
3
8 29 30 
10 7
13
10 11 12 13 14 15 16 17 18 23 24 25 26 
30 8
2
29 30 
13 10
10
13 14 15 16 17 18 23 24 25 26 
15 13
4
15 16 17 18 
23 13
4
23 24 25 26 
0 0






