TS_3_3f
ANGS
30
C	1	-3.19008100	-1.13443400	0.13001700
H	2	-2.64770700	-2.07010100	0.26876500
H	3	-3.61106200	-1.13376100	-0.88188700
H	4	-4.02481900	-1.11179500	0.83613900
C	5	-2.27073400	0.07564500	0.34201600
H	6	-1.89852100	0.04895600	1.37278200
C	7	-0.05111100	1.17331600	-0.41569200
H	8	-0.01198000	1.48568000	0.63203600
H	9	-0.45749800	2.02047900	-0.97402400
C	10	1.37612000	0.87047700	-0.92165500
H	11	1.88330000	1.82112300	-1.14093700
H	12	1.31502900	0.32779000	-1.86950100
C	13	2.24353700	0.08337900	0.06196800
H	14	1.32287300	-0.73729500	0.59188900
C	15	3.25035400	-0.84866600	-0.57525000
H	16	4.00176800	-0.27555300	-1.13880300
H	17	3.78333100	-1.44002900	0.17380800
H	18	2.76635100	-1.53386900	-1.27566700
C	19	-3.04126700	1.38774500	0.13128700
H	20	-3.37323300	1.48660300	-0.90855000
H	21	-3.93422900	1.40861200	0.76176600
H	22	-2.44474700	2.26849300	0.37935300
C	23	2.76363300	0.87534600	1.24428200
H	24	3.20403300	0.22192000	2.00201800
H	25	3.54839000	1.57396200	0.91843400
H	26	1.97940200	1.46654000	1.72331300
C	27	-1.03085700	-0.00704600	-0.56519900
H	28	-1.35081900	-0.07925900	-1.61300800
O	29	-0.34864000	-1.27343400	-0.40301800
O	30	0.30521300	-1.30194900	0.84694600
1 5
4
1 2 3 4 
19 5
4
19 20 21 22 
5 27
10
1 2 3 4 5 6 19 20 21 22 
7 10
27
1 2 3 4 5 6 7 8 9 13 14 15 16 17 18 19 20 21 22 23 24 25 26 27 28 29 30 
7 27
18
7 8 9 10 11 12 13 14 15 16 17 18 23 24 25 26 29 30 
10 13
21
1 2 3 4 5 6 7 8 9 10 11 12 14 19 20 21 22 27 28 29 30 
14 13
21
1 2 3 4 5 6 7 8 9 10 11 12 14 19 20 21 22 27 28 29 30 
15 13
4
15 16 17 18 
23 13
4
23 24 25 26 
14 30
29
1 2 3 4 5 6 7 8 9 10 11 12 13 14 15 16 17 18 19 20 21 22 23 24 25 26 27 28 29 
29 27
18
7 8 9 10 11 12 13 14 15 16 17 18 23 24 25 26 29 30 
29 30
29
1 2 3 4 5 6 7 8 9 10 11 12 13 14 15 16 17 18 19 20 21 22 23 24 25 26 27 28 29 
0 0






