TS_3_3b
ANGS
30
C	1	3.52032000	0.07619000	0.87928100
H	2	3.50492900	-0.97974400	1.15541500
H	3	3.49910300	0.66731600	1.80650100
H	4	4.46510300	0.29605300	0.37544400
C	5	2.33416800	0.42593200	0.00933700
H	6	2.32348400	-0.48449600	-0.97962500
C	7	-0.27551700	0.35345100	-0.10951500
H	8	-0.21765100	0.27191100	-1.19953900
H	9	-0.32669400	1.41903500	0.13513900
C	10	-1.52656700	-0.37321300	0.39973100
H	11	-1.61698100	-0.22935400	1.48576500
H	12	-1.38317200	-1.44649100	0.24221700
C	13	-2.84445600	0.05648700	-0.27113700
H	14	-2.71756900	-0.06743900	-1.35531000
C	15	-3.99268500	-0.86039200	0.17284400
H	16	-4.16546500	-0.77534700	1.25142900
H	17	-4.92672300	-0.60013500	-0.33351400
H	18	-3.77182400	-1.90867700	-0.04713900
C	19	2.32474100	1.83258300	-0.53207700
H	20	2.14006900	2.55944800	0.27256800
H	21	3.29649400	2.08220900	-0.96685800
H	22	1.55903900	1.98552000	-1.29400000
C	23	-3.19411900	1.52712900	-0.00174400
H	24	-4.13954600	1.79756400	-0.48078000
H	25	-3.30392800	1.70931200	1.07339000
H	26	-2.42955300	2.21024000	-0.38030600
C	27	1.00644800	-0.22284200	0.48937300
H	28	0.93992600	-0.23376900	1.58502000
O	29	1.19730200	-1.60852300	0.13032000
O	30	1.69731700	-1.53711500	-1.20061700
1 5
4
1 2 3 4 
6 5
21
6 7 8 9 10 11 12 13 14 15 16 17 18 23 24 25 26 27 28 29 30 
19 5
4
19 20 21 22 
5 27
12
1 2 3 4 5 6 19 20 21 22 29 30 
6 30
29
1 2 3 4 5 6 7 8 9 10 11 12 13 14 15 16 17 18 19 20 21 22 23 24 25 26 27 28 29 
10 7
13
10 11 12 13 14 15 16 17 18 23 24 25 26 
27 7
14
1 2 3 4 5 6 19 20 21 22 27 28 29 30 
13 10
10
13 14 15 16 17 18 23 24 25 26 
15 13
4
15 16 17 18 
23 13
4
23 24 25 26 
29 27
12
1 2 3 4 5 6 19 20 21 22 29 30 
30 27
12
1 2 3 4 5 6 19 20 21 22 29 30 
29 30
29
1 2 3 4 5 6 7 8 9 10 11 12 13 14 15 16 17 18 19 20 21 22 23 24 25 26 27 28 29 
0 0






