TS_3_C9H18_2
ANGS
30
C	1	-3.36236000	-0.62567200	1.15387800
H	2	-3.21804900	0.09734800	1.96031900
H	3	-3.40592200	-1.62554200	1.59953900
H	4	-4.33688100	-0.42781700	0.69859700
C	5	-2.23926600	-0.53667600	0.11791700
H	6	-2.45155300	0.64398100	-0.41530300
C	7	0.33186400	-0.52110500	-0.10943500
H	8	0.24051200	-0.35024900	-1.18794100
H	9	0.49403300	-1.60374300	0.00214500
C	10	1.53802500	0.25175300	0.44013800
H	11	1.65566500	0.02651100	1.50891600
H	12	1.31971200	1.32109400	0.37019500
C	13	2.87010000	-0.03145500	-0.27848200
H	14	2.71466900	0.15648400	-1.34985700
C	15	3.95602400	0.93649100	0.21158100
H	16	4.15108500	0.79512400	1.28033900
H	17	4.89816800	0.77731600	-0.32079100
H	18	3.65756300	1.97796300	0.06248400
C	19	-2.40067700	-1.49027300	-1.06537100
H	20	-2.26257300	-2.53132300	-0.75151900
H	21	-3.40482900	-1.40777000	-1.48926500
H	22	-1.68769400	-1.28611800	-1.86604000
C	23	3.33333500	-1.48668000	-0.11638500
H	24	3.47636600	-1.73239300	0.94192900
H	25	4.28732900	-1.65133600	-0.62544400
H	26	2.61608700	-2.19981800	-0.53086800
C	27	-0.96149400	-0.18915400	0.57128800
H	28	-0.87777400	0.20942800	1.57830800
O	29	-1.07183900	1.97571100	-0.15600500
O	30	-2.21056400	1.89522500	-0.72105900
1 5
4
1 2 3 4 
19 5
4
19 20 21 22 
10 7
13
10 11 12 13 14 15 16 17 18 23 24 25 26 
27 7
14
1 2 3 4 5 6 19 20 21 22 27 28 29 30 
13 10
10
13 14 15 16 17 18 23 24 25 26 
15 13
4
15 16 17 18 
23 13
4
23 24 25 26 
0 0






