TS_4_C9H18_3
ANGS
30
C	1	-3.40994900	-0.65903300	0.53443700
H	2	-3.70057100	0.38833700	0.64869400
H	3	-3.26520600	-1.07909700	1.53577000
H	4	-4.24538500	-1.19081900	0.07093000
C	5	-2.13335200	-0.80069000	-0.30741000
H	6	-2.32191100	-0.33986400	-1.28534600
C	7	-0.95747300	-0.05035100	0.32987300
H	8	-1.44782100	1.15883700	0.54895100
H	9	-0.71943800	-0.35628800	1.35260900
C	10	1.48480000	0.70173000	0.10205000
H	11	1.44258400	0.81560200	1.19148100
H	12	1.81565000	1.66174700	-0.30645800
C	13	2.55172000	-0.36706500	-0.25760000
H	14	2.50633300	-0.52656400	-1.34304400
C	15	3.95257800	0.16091600	0.08057900
H	16	4.04692700	0.35834100	1.15379400
H	17	4.72203300	-0.56710900	-0.19141900
H	18	4.16795000	1.09242800	-0.45030300
C	19	-1.79493200	-2.28234200	-0.53831600
H	20	-1.56868100	-2.78281700	0.40918200
H	21	-2.63563200	-2.80910700	-0.99993400
H	22	-0.92597800	-2.39488200	-1.19209500
C	23	2.29237400	-1.71112400	0.43399500
H	24	3.04806800	-2.44778100	0.14692100
H	25	2.33429000	-1.60119200	1.52324600
H	26	1.31302400	-2.12026600	0.17756100
C	27	0.11786500	0.40244600	-0.43288800
H	28	0.02218900	0.40488500	-1.51584600
O	29	-0.58854100	2.55844600	-0.47654800
O	30	-1.56273500	2.43763900	0.33367100
1 5
4
1 2 3 4 
5 7
10
1 2 3 4 5 6 19 20 21 22 
19 5
4
19 20 21 22 
8 7
3
8 29 30 
30 8
2
29 30 
13 10
10
13 14 15 16 17 18 23 24 25 26 
10 27
13
10 11 12 13 14 15 16 17 18 23 24 25 26 
15 13
4
15 16 17 18 
23 13
4
23 24 25 26 
0 0






