TS_4_4b
ANGS
30
C	1	-3.90625800	-0.92581000	-0.06598300
H	2	-3.74523200	-1.90708900	0.38971800
H	3	-4.10189700	-1.08100800	-1.13308000
H	4	-4.80925000	-0.49603900	0.37658600
C	5	-2.69641300	-0.00539100	0.14484300
H	6	-2.53328800	0.10135400	1.22260500
C	7	-1.43024200	-0.65366400	-0.44838700
H	8	-1.35930700	-1.69048600	-0.10032900
H	9	-1.51809200	-0.69568100	-1.54134500
C	10	1.11472600	-0.61242000	-0.78102900
H	11	1.04190500	-0.43942600	-1.86341200
H	12	1.05029900	-1.69160600	-0.61373300
C	13	2.43730600	-0.07661600	-0.24712900
H	14	1.96880300	0.38827400	0.93209200
C	15	3.48478800	-1.11636700	0.08852400
H	16	3.85652900	-1.60150000	-0.82632700
H	17	4.34588000	-0.66995100	0.59277500
H	18	3.07840300	-1.90035500	0.73250600
C	19	-2.96864000	1.38862100	-0.43741600
H	20	-3.11215200	1.33877000	-1.52300100
H	21	-3.87608300	1.81817900	-0.00386700
H	22	-2.15208300	2.08649600	-0.23673900
C	23	2.95888400	1.17147900	-0.93075700
H	24	3.78236100	1.62147900	-0.36980100
H	25	3.33817600	0.93116400	-1.93443400
H	26	2.17842000	1.92777200	-1.04663900
C	27	-0.11697500	0.04167400	-0.10480900
H	28	-0.15023700	1.10818300	-0.35073100
O	29	0.05844900	-0.07467300	1.31271000
O	30	1.12327500	0.77247800	1.68604200
1 5
4
1 2 3 4 
5 7
10
1 2 3 4 5 6 19 20 21 22 
19 5
4
19 20 21 22 
7 27
13
1 2 3 4 5 6 7 8 9 19 20 21 22 
10 13
21
1 2 3 4 5 6 7 8 9 10 11 12 14 19 20 21 22 27 28 29 30 
10 27
15
10 11 12 13 14 15 16 17 18 23 24 25 26 29 30 
14 13
21
1 2 3 4 5 6 7 8 9 10 11 12 14 19 20 21 22 27 28 29 30 
15 13
4
15 16 17 18 
23 13
4
23 24 25 26 
14 30
29
1 2 3 4 5 6 7 8 9 10 11 12 13 14 15 16 17 18 19 20 21 22 23 24 25 26 27 28 29 
29 27
15
10 11 12 13 14 15 16 17 18 23 24 25 26 29 30 
29 30
29
1 2 3 4 5 6 7 8 9 10 11 12 13 14 15 16 17 18 19 20 21 22 23 24 25 26 27 28 29 
0 0






