TS_4_C9H18O_4
ANGS
30
C	1	-3.80462100	-1.01686100	-0.00104000
H	2	-3.71803200	-1.79797400	0.75979500
H	3	-3.90130200	-1.50787900	-0.97588300
H	4	-4.73247700	-0.46966400	0.18625500
C	5	-2.59568900	-0.07123500	0.02583100
H	6	-2.52104000	0.36201500	1.02810100
C	7	-1.29863000	-0.86555600	-0.22533600
H	8	-1.34760500	-1.80899700	0.33933700
H	9	-1.22721400	-1.14402500	-1.28301100
C	10	1.29862500	-0.86554500	-0.22536900
H	11	1.22720600	-1.14395500	-1.28305900
H	12	1.34758900	-1.80902000	0.33925000
C	13	2.59569400	-0.07125600	0.02584600
H	14	2.52105900	0.36191700	1.02815000
C	15	3.80461400	-1.01689500	-0.00111000
H	16	3.90128500	-1.50783300	-0.97599400
H	17	4.73247800	-0.46972500	0.18622700
H	18	3.71802000	-1.79807000	0.75966100
C	19	-2.77941800	1.07046000	-0.98356100
H	20	-2.84476200	0.68254000	-2.00642600
H	21	-3.70170900	1.62105800	-0.77866900
H	22	-1.95837500	1.78869900	-0.94154800
C	23	2.77942800	1.07051500	-0.98345800
H	24	3.70173800	1.62107200	-0.77854400
H	25	2.84473800	0.68267800	-2.00635700
H	26	1.95840500	1.78877200	-0.94136500
C	27	0.00000000	-0.20462400	0.19500100
H	28	-0.00001200	1.09006200	-0.10990000
O	29	0.00000900	0.24808400	1.52579600
O	30	-0.00001000	1.66245400	1.03584900
1 5
4
1 2 3 4 
5 7
10
1 2 3 4 5 6 19 20 21 22 
19 5
4
19 20 21 22 
7 27
13
1 2 3 4 5 6 7 8 9 19 20 21 22 
13 10
10
13 14 15 16 17 18 23 24 25 26 
10 27
13
10 11 12 13 14 15 16 17 18 23 24 25 26 
15 13
4
15 16 17 18 
23 13
4
23 24 25 26 
28 27
3
28 29 30 
29 27
3
28 29 30 
28 30
29
1 2 3 4 5 6 7 8 9 10 11 12 13 14 15 16 17 18 19 20 21 22 23 24 25 26 27 28 29 
29 30
29
1 2 3 4 5 6 7 8 9 10 11 12 13 14 15 16 17 18 19 20 21 22 23 24 25 26 27 28 29 
0 0






