TS_4_4a
ANGS
30
C	1	-3.72675700	0.44476400	0.90272600
H	2	-3.43822600	1.35404200	1.43753600
H	3	-3.90900400	-0.33795500	1.64797900
H	4	-4.67407400	0.64241100	0.39276100
C	5	-2.64029000	0.01546300	-0.09263200
H	6	-2.48096800	0.83998700	-0.79658500
C	7	-1.30656700	-0.22164300	0.63929400
H	8	-1.12204900	0.60006500	1.33877000
H	9	-1.37413700	-1.13832900	1.24032900
C	10	1.18867200	-0.76142000	0.49631200
H	11	1.13200900	-1.84893900	0.61057100
H	12	1.17885400	-0.34457400	1.50954100
C	13	2.52145400	-0.38184500	-0.19266400
H	14	2.39313800	-0.49408800	-1.27461400
C	15	2.89514700	1.05750100	0.09586200
H	16	3.13928000	1.27809100	1.13640500
H	17	3.54697800	1.55551300	-0.62031100
H	18	1.67046700	1.72899300	-0.03732900
C	19	-3.09574900	-1.21563500	-0.88949100
H	20	-3.26337400	-2.07076800	-0.22472000
H	21	-4.03466600	-1.01510000	-1.41336700
H	22	-2.36310100	-1.51647400	-1.64321600
C	23	3.66158100	-1.32187400	0.25205300
H	24	4.61042100	-1.04375900	-0.21414300
H	25	3.79680700	-1.28438300	1.33740300
H	26	3.43822200	-2.35633000	-0.02641600
C	27	-0.07713100	-0.31958900	-0.26321200
H	28	-0.25493400	-1.01722000	-1.08844600
O	29	0.13391300	0.90705300	-1.00347400
O	30	0.55186100	1.92975800	-0.12173100
1 5
4
1 2 3 4 
5 7
10
1 2 3 4 5 6 19 20 21 22 
19 5
4
19 20 21 22 
7 27
13
1 2 3 4 5 6 7 8 9 19 20 21 22 
10 13
24
1 2 3 4 5 6 7 8 9 10 11 12 15 16 17 18 19 20 21 22 27 28 29 30 
10 27
15
10 11 12 13 14 15 16 17 18 23 24 25 26 29 30 
15 13
24
1 2 3 4 5 6 7 8 9 10 11 12 15 16 17 18 19 20 21 22 27 28 29 30 
23 13
4
23 24 25 26 
18 15
27
1 2 3 4 5 6 7 8 9 10 11 12 13 14 18 19 20 21 22 23 24 25 26 27 28 29 30 
18 30
29
1 2 3 4 5 6 7 8 9 10 11 12 13 14 15 16 17 18 19 20 21 22 23 24 25 26 27 28 29 
29 27
15
10 11 12 13 14 15 16 17 18 23 24 25 26 29 30 
29 30
29
1 2 3 4 5 6 7 8 9 10 11 12 13 14 15 16 17 18 19 20 21 22 23 24 25 26 27 28 29 
0 0






