TS_4_4c
ANGS
30
C	1	3.78460100	-0.27447500	0.88588300
H	2	3.65355300	-1.26955100	1.32026900
H	3	3.84291900	0.44534100	1.71024600
H	4	4.74683000	-0.26011700	0.36614400
C	5	2.63529200	0.07222100	-0.07004500
H	6	2.60972100	-0.68688200	-0.86004000
C	7	1.28632800	-0.00155000	0.66852100
H	8	1.24025500	-0.92862500	1.24841400
H	9	1.21240300	0.82731900	1.38503500
C	10	-1.26440200	-0.12896000	0.52891100
H	11	-1.21434900	0.05302700	1.60455700
H	12	-1.12571400	-1.46366500	0.33199100
C	13	-2.54543100	0.32928900	-0.12979000
H	14	-2.48158600	0.06619900	-1.19221800
C	15	-3.76837000	-0.37775800	0.47305600
H	16	-3.85901900	-0.16300300	1.54317000
H	17	-4.68891900	-0.04342600	-0.01286500
H	18	-3.69650900	-1.46118700	0.35009100
C	19	2.87085800	1.44075700	-0.72556400
H	20	2.88434600	2.23738700	0.02704800
H	21	3.83227200	1.46150500	-1.24625900
H	22	2.10056900	1.68723100	-1.46110100
C	23	-2.69125000	1.86342400	-0.02505700
H	24	-3.59162700	2.19443800	-0.55049300
H	25	-2.77673000	2.17653900	1.02021600
H	26	-1.83840000	2.38567400	-0.46609900
C	27	0.05811300	0.03299900	-0.24077200
H	28	0.05966000	0.91978300	-0.88279300
O	29	0.02932700	-1.07292400	-1.17447300
O	30	-0.41734200	-2.16628500	-0.37879800
1 5
4
1 2 3 4 
5 7
10
1 2 3 4 5 6 19 20 21 22 
19 5
4
19 20 21 22 
7 27
13
1 2 3 4 5 6 7 8 9 19 20 21 22 
12 10
18
1 2 3 4 5 6 7 8 9 12 19 20 21 22 27 28 29 30 
13 10
10
13 14 15 16 17 18 23 24 25 26 
10 27
15
10 11 12 13 14 15 16 17 18 23 24 25 26 29 30 
12 30
29
1 2 3 4 5 6 7 8 9 10 11 12 13 14 15 16 17 18 19 20 21 22 23 24 25 26 27 28 29 
15 13
4
15 16 17 18 
23 13
4
23 24 25 26 
29 27
15
10 11 12 13 14 15 16 17 18 23 24 25 26 29 30 
29 30
29
1 2 3 4 5 6 7 8 9 10 11 12 13 14 15 16 17 18 19 20 21 22 23 24 25 26 27 28 29 
0 0






