 C3H6O            Molecular weight = 58.080

 Heat of formation at 298K =  -52.725 (kcal/mol)

 B =   0.262 cm?1     Symmetric number =  1

 Internal rotation
 ===================================================
  No      Br       sigma    dim      Vr(kcal/mol)
 ===================================================


 Vibrational Frequencies (cm^-1)
 -------------------------------
         56.
        139.
        377.
        489.
        536.
        779.
        883.
        884.
       1083.
       1117.
       1230.
       1383.
       1385.
       1461.
       1466.
       1471.
       1488.
       1804.
       3024.
       3031.
       3080.
       3087.
       3140.
       3141.
 -------------------------------


1
   T(K)       Cp(cal/mol/K)   S(cal/mol/K)  [H(T)-H(298K)](kcal/mol)
 -----------------------------------------------------------------
   50.00          0.000          0.000            -3.574
  100.00         11.675         56.891            -2.978
  200.00         14.946         65.937            -1.655
  298.15         18.860         72.616             0.000
  300.00         18.939         72.733             0.035
  350.00         21.069         75.812             1.035
  400.00         23.177         78.764             2.141
  450.00         25.201         81.612             3.351
  500.00         27.107         84.367             4.660
  500.00         27.107         84.367             4.660
  550.00         28.884         87.035             6.060
  600.00         30.532         89.619             7.546
  650.00         32.060         92.124             9.111
  700.00         33.478         94.553            10.750
  750.00         34.795         96.908            12.457
  800.00         36.021         99.193            14.228
  850.00         37.162        101.411            16.058
  900.00         38.226        103.566            17.943
  950.00         39.218        105.660            19.879
 1000.00         40.143        107.695            21.864
 1100.00         41.810        111.601            25.963
 1200.00         43.262        115.303            30.218
 1300.00         44.526        118.817            34.609
 1400.00         45.629        122.158            39.118
 1500.00         46.592        125.339            43.730
 1600.00         47.435        128.374            48.433
 1700.00         48.176        131.272            53.214
 1800.00         48.828        134.045            58.065
 1900.00         49.403        136.700            62.977
 2000.00         49.913        139.248            67.943
 2100.00         50.367        141.694            72.958
 2200.00         50.771        144.047            78.015
 2300.00         51.133        146.312            83.111
 2400.00         51.457        148.495            88.240
 2500.00         51.750        150.602            93.401
 2600.00         52.013        152.636            98.589
 2700.00         52.252        154.604           103.803
 2800.00         52.468        156.508           109.039
 2900.00         52.665        158.353           114.296
 3000.00         52.845        160.141           119.571
 -----------------------------------------------------------------
1
 High temperature

     Input value
     ------------


 No.Points =   20    Gas constant=      1.9871     Enthalpy of formation=   -52.7246



 Cpo at To=        40.143     H-H298 at To=     21863.502     Sto at To=       107.695






     TEMP.          H-H298          Pred/Correct          Sto          Pred/Correct          Cpo          Pred/Correct
     -----          ------          ------------          ---          ------------          ---          ------------

       1100.0      25963.0781             0.9999          111.6011           1.0000           41.8103           0.9986
       1200.0      30218.3613             0.9996          115.3028           0.9999           43.2618           0.9982
       1300.0      34609.2070             0.9995          118.8167           0.9999           44.5261           0.9985
       1400.0      39118.1914             0.9994          122.1577           0.9998           45.6286           0.9991
       1500.0      43730.2891             0.9994          125.3393           0.9998           46.5918           0.9998
       1600.0      48432.5664             0.9995          128.3738           0.9998           47.4352           1.0004
       1700.0      53213.8984             0.9996          131.2722           0.9999           48.1756           1.0009
       1800.0      58064.7344             0.9997          134.0447           0.9999           48.8275           1.0012
       1900.0      62976.8594             0.9998          136.7004           0.9999           49.4033           1.0013
       2000.0      67943.2109             0.9999          139.2477           0.9999           49.9135           1.0012
       2100.0      72957.6719             1.0000          141.6942           1.0000           50.3669           1.0009
       2200.0      78014.9609             1.0001          144.0468           1.0000           50.7713           1.0005
       2300.0      83110.5078             1.0001          146.3118           1.0000           51.1330           1.0001
       2400.0      88240.3203             1.0001          148.4949           1.0000           51.4575           0.9996
       2500.0      93400.9297             1.0000          150.6016           1.0000           51.7496           0.9993
       2600.0      98589.2734             1.0000          152.6364           1.0000           52.0132           0.9991
       2700.0     103802.7188             0.9999          154.6040           0.9999           52.2517           0.9991
       2800.0     109038.8984             0.9999          156.5082           0.9999           52.4683           0.9994
       2900.0     114295.7344             0.9999          158.3529           0.9999           52.6653           1.0001
       3000.0     119571.3672             0.9999          160.1414           0.9999           52.8450           1.0013
     -----------------------------------------------------------------------------------------------------------------




     Least square coefficients
     -------------------------
     A(1)=  0.56195602E+01

     A(2)=  0.22011086E-01

     A(3)= -0.89212317E-05

     A(4)=  0.15844507E-08

     A(5)= -0.92762861E-13

     A6=-0.29559264E+05

     A7=-0.26782112E+01

     Lambdao= 0.10994928E+00

     Lambda1= 0.36788799E-01

     Lambda2= 0.11220503E+00


     -----------------------------------------------------------------------------------------------------------------
     NER= 1
     -----------------------------------------------------------------------------------------------------------------
1
     1100. K to     3000. K
 0.56195602E+01 0.22011086E-01-0.89212317E-05 0.15844507E-08-0.92762861E-13
-0.29559264E+05-0.26782112E+01
                               0.56195602E+01 0.22011086E-01-0.89212317E-05
 0.15844507E-08-0.92762861E-13-0.29559264E+05-0.26782112E+01



 Low temperature


     Input value
     ------------


 No.Points =   15    Gas constant=      1.9871     Enthalpy of formation=   -52.7246



 Cpo at To=        40.143     H-H298 at To=     21863.502     Sto at To=       107.695






     TEMP.          H-H298          Pred/Correct          Sto          Pred/Correct          Cpo          Pred/Correct
     -----          ------          ------------          ---          ------------          ---          ------------

        300.0         34.9641             0.9737           72.7330           0.9999           18.9386           0.9986
        350.0       1035.0739             0.9997           75.8121           1.0000           21.0689           1.0015
        400.0       2141.4729             1.0005           78.7638           1.0000           23.1773           1.0010
        450.0       3351.3845             1.0005           81.6116           1.0000           25.2014           0.9999
        500.0       4659.6333             1.0002           84.3666           1.0000           27.1073           0.9994
        500.0       4659.6333             1.0002           84.3666           1.0000           27.1073           0.9994
        550.0       6059.9492             1.0000           87.0345           1.0000           28.8835           0.9994
        600.0       7545.8491             0.9999           89.6193           1.0000           30.5317           0.9998
        650.0       9111.1143             1.0000           92.1242           1.0000           32.0597           1.0003
        700.0      10749.9854             1.0000           94.5527           1.0000           33.4776           1.0005
        750.0      12457.1982             1.0001           96.9078           1.0000           34.7949           1.0006
        800.0      14227.9521             1.0002           99.1930           1.0000           36.0206           1.0003
        850.0      16057.8506             1.0001          101.4114           1.0000           37.1620           0.9999
        900.0      17942.8555             1.0001          103.5660           1.0000           38.2257           0.9995
        950.0      19879.2266             1.0000          105.6597           1.0000           39.2176           0.9995
     -----------------------------------------------------------------------------------------------------------------




     Least square coefficients
     -------------------------
     A(1)=  0.24488008E+01

     A(2)=  0.23285203E-01

     A(3)=  0.64243040E-05

     A(4)= -0.21080908E-07

     A(5)=  0.91237044E-11

     A6=-0.28317691E+05

     A7= 0.15528723E+02

     Lambdao= 0.11697173E-01

     Lambda1=-0.11643477E-01

     Lambda2=-0.34158239E-02


     -----------------------------------------------------------------------------------------------------------------
     NER= 1
     -----------------------------------------------------------------------------------------------------------------
1
      300. K to      950. K
 0.24488008E+01 0.23285203E-01 0.64243040E-05-0.21080908E-07 0.91237044E-11
-0.28317691E+05 0.15528723E+02
                               0.24488008E+01 0.23285203E-01 0.64243040E-05
-0.21080908E-07 0.91237044E-11-0.28317691E+05 0.15528723E+02
