C9H19O2         N        (N for nonlinear, L for linear)
30 159.249          Number of atoms, molecular weight
-45.2813565895				Enthalpy of formation at the standard state!kcal
0.029633 1    Rotational constat (cm-1), symmetry number
1         Statistical weight
0         Number of internal rotor, Br, sigma, dim, vr 
34.1913
39.5106
63.6701
92.0734
94.9265
123.1166
161.1106
214.4542
226.6185
229.7886
245.2517
252.6113
261.1551
360.1342
377.7447
415.4444
450.4696
487.3369
505.7188
597.4609
749.1628
784.6446
822.8866
844.5136
879.3622
930.2658
937.3942
943.4216
964.9694
967.0336
991.618
1029.5838
1043.3324
1059.8949
1112.5846
1133.7441
1145.1571
1170.3748
1191.0609
1196.818
1225.0981
1271.9902
1286.1239
1303.0553
1324.5152
1339.1479
1356.0091
1358.8012
1372.8203
1383.2162
1390.7119
1400.3675
1405.7632
1418.7365
1423.878
1477.6134
1483.362
1488.5077
1492.2602
1498.1363
1501.8457
1505.507
1507.7199
1509.3302
1514.2547
2983.1202
2988.6279
2991.5171
2997.3769
3012.6161
3013.8694
3020.4289
3026.4417
3028.22
3046.888
3064.5049
3072.8867
3076.6486
3079.6402
3083.1751
3089.5468
3094.1365
3100.9691
3131.1137
