 C4H8O            Molecular weight = 72.107

 Heat of formation at 298K =  -51.807 (kcal/mol)

 B =   0.157 cm?1     Symmetric number =  1

 Internal rotation
 ===================================================
  No      Br       sigma    dim      Vr(kcal/mol)
 ===================================================


 Vibrational Frequencies (cm^-1)
 -------------------------------
         65.
        213.
        234.
        330.
        331.
        354.
        544.
        842.
        914.
        933.
        958.
        982.
       1134.
       1178.
       1182.
       1316.
       1347.
       1400.
       1411.
       1427.
       1489.
       1493.
       1506.
       1513.
       1817.
       2826.
       3022.
       3025.
       3054.
       3084.
       3092.
       3097.
       3099.
 -------------------------------


1
   T(K)       Cp(cal/mol/K)   S(cal/mol/K)  [H(T)-H(298K)](kcal/mol)
 -----------------------------------------------------------------
   50.00          0.000          0.000            -4.194
  100.00         12.749         58.768            -3.599
  200.00         18.218         69.381            -2.037
  298.15         23.406         77.597             0.000
  300.00         23.511         77.743             0.043
  350.00         26.387         81.582             1.291
  400.00         29.270         85.294             2.682
  450.00         32.060         88.904             4.216
  500.00         34.699         92.420             5.886
  500.00         34.699         92.420             5.886
  550.00         37.164         95.844             7.683
  600.00         39.454         99.177             9.599
  650.00         41.576        102.420            11.626
  700.00         43.544        105.574            13.754
  750.00         45.369        108.641            15.978
  800.00         47.064        111.624            18.289
  850.00         48.639        114.525            20.682
  900.00         50.103        117.347            23.151
  950.00         51.466        120.093            25.691
 1000.00         52.733        122.766            28.296
 1100.00         55.011        127.901            33.686
 1200.00         56.985        132.774            39.288
 1300.00         58.699        137.405            45.074
 1400.00         60.188        141.811            51.020
 1500.00         61.486        146.008            57.105
 1600.00         62.620        150.014            63.312
 1700.00         63.613        153.840            69.625
 1800.00         64.486        157.502            76.030
 1900.00         65.255        161.009            82.518
 2000.00         65.936        164.374            89.079
 2100.00         66.541        167.606            95.703
 2200.00         67.080        170.714           102.385
 2300.00         67.561        173.707           109.117
 2400.00         67.992        176.591           115.895
 2500.00         68.380        179.375           122.714
 2600.00         68.730        182.064           129.570
 2700.00         69.047        184.664           136.459
 2800.00         69.334        187.180           143.378
 2900.00         69.595        189.618           150.325
 3000.00         69.833        191.981           157.297
 -----------------------------------------------------------------
1
 High temperature

     Input value
     ------------


 No.Points =   20    Gas constant=      1.9871     Enthalpy of formation=   -51.8067



 Cpo at To=        52.733     H-H298 at To=     28295.896     Sto at To=       122.766






     TEMP.          H-H298          Pred/Correct          Sto          Pred/Correct          Cpo          Pred/Correct
     -----          ------          ------------          ---          ------------          ---          ------------

       1100.0      33685.8086             0.9998          127.9010           1.0000           55.0108           0.9982
       1200.0      39287.9531             0.9995          132.7742           0.9999           56.9852           0.9977
       1300.0      45074.1641             0.9993          137.4047           0.9998           58.6987           0.9981
       1400.0      51020.2305             0.9992          141.8106           0.9998           60.1882           0.9988
       1500.0      57105.4141             0.9992          146.0084           0.9998           61.4859           0.9997
       1600.0      63311.9492             0.9993          150.0136           0.9998           62.6195           1.0005
       1700.0      69624.6406             0.9994          153.8403           0.9998           63.6127           1.0011
       1800.0      76030.4766             0.9996          157.5016           0.9998           64.4855           1.0015
       1900.0      82518.3125             0.9998          161.0092           0.9999           65.2553           1.0017
       2000.0      89078.5781             0.9999          164.3740           0.9999           65.9363           1.0015
       2100.0      95703.0391             1.0000          167.6060           0.9999           66.5410           1.0012
       2200.0     102384.5781             1.0001          170.7141           0.9999           67.0796           1.0007
       2300.0     109117.0391             1.0001          173.7068           1.0000           67.5609           1.0001
       2400.0     115895.0938             1.0001          176.5914           1.0000           67.9924           0.9996
       2500.0     122714.0703             1.0000          179.3750           0.9999           68.3804           0.9991
       2600.0     129569.9063             1.0000          182.0639           0.9999           68.7304           0.9988
       2700.0     136459.0313             0.9999          184.6638           0.9999           69.0470           0.9988
       2800.0     143378.3281             0.9999          187.1801           0.9999           69.3342           0.9992
       2900.0     150325.0000             0.9999          189.6178           0.9999           69.5953           1.0001
       3000.0     157296.6250             0.9999          191.9813           0.9999           69.8335           1.0017
     -----------------------------------------------------------------------------------------------------------------




     Least square coefficients
     -------------------------
     A(1)=  0.71281757E+01

     A(2)=  0.28883811E-01

     A(3)= -0.11185979E-04

     A(4)=  0.17869859E-08

     A(5)= -0.75956805E-13

     A6=-0.30104381E+05

     A7=-0.11327469E+02

     Lambdao= 0.18866669E+00

     Lambda1= 0.62726147E-01

     Lambda2= 0.19164461E+00


     -----------------------------------------------------------------------------------------------------------------
     NER= 1
     -----------------------------------------------------------------------------------------------------------------
1
     1100. K to     3000. K
 0.71281757E+01 0.28883811E-01-0.11185979E-04 0.17869859E-08-0.75956805E-13
-0.30104381E+05-0.11327469E+02
                               0.71281757E+01 0.28883811E-01-0.11185979E-04
 0.17869859E-08-0.75956805E-13-0.30104381E+05-0.11327469E+02



 Low temperature


     Input value
     ------------


 No.Points =   15    Gas constant=      1.9871     Enthalpy of formation=   -51.8067



 Cpo at To=        52.733     H-H298 at To=     28295.896     Sto at To=       122.766






     TEMP.          H-H298          Pred/Correct          Sto          Pred/Correct          Cpo          Pred/Correct
     -----          ------          ------------          ---          ------------          ---          ------------

        300.0         43.3988             0.9599           77.7425           0.9999           23.5111           0.9980
        350.0       1290.5515             0.9993           81.5818           0.9999           26.3867           1.0019
        400.0       2682.1709             1.0006           85.2940           1.0000           29.2697           1.0014
        450.0       4215.9424             1.0006           88.9038           1.0001           32.0596           1.0000
        500.0       5885.5996             1.0003           92.4197           1.0000           34.6988           0.9993
        500.0       5885.5996             1.0003           92.4197           1.0000           34.6988           0.9993
        550.0       7682.9146             1.0001           95.8439           1.0000           37.1642           0.9992
        600.0       9599.0889             0.9999           99.1770           1.0000           39.4540           0.9996
        650.0      11625.5215             0.9999          102.4199           1.0000           41.5764           1.0002
        700.0      13754.1484             1.0000          105.5740           1.0000           43.5439           1.0005
        750.0      15977.5391             1.0001          108.6412           1.0000           45.3691           1.0006
        800.0      18288.8828             1.0001          111.6241           1.0000           47.0639           1.0004
        850.0      20681.9277             1.0001          114.5251           1.0000           48.6388           1.0000
        900.0      23150.9199             1.0001          117.3472           1.0000           50.1033           0.9996
        950.0      25690.5527             1.0000          120.0931           1.0000           51.4655           0.9995
     -----------------------------------------------------------------------------------------------------------------




     Least square coefficients
     -------------------------
     A(1)=  0.26267021E+01

     A(2)=  0.28410217E-01

     A(3)=  0.16798454E-04

     A(4)= -0.36025870E-07

     A(5)=  0.14727533E-10

     A6=-0.28201738E+05

     A7= 0.15152405E+02

     Lambdao= 0.12981106E-01

     Lambda1=-0.11491075E-01

     Lambda2=-0.36232453E-02


     -----------------------------------------------------------------------------------------------------------------
     NER= 1
     -----------------------------------------------------------------------------------------------------------------
1
      300. K to      950. K
 0.26267021E+01 0.28410217E-01 0.16798454E-04-0.36025870E-07 0.14727533E-10
-0.28201738E+05 0.15152405E+02
                               0.26267021E+01 0.28410217E-01 0.16798454E-04
-0.36025870E-07 0.14727533E-10-0.28201738E+05 0.15152405E+02
