C9H19O2         N        (N for nonlinear, L for linear)
30 159.249          Number of atoms, molecular weight
-27.8190083095				Enthalpy of formation at the standard state!kcal
0.029853 1    Rotational constat (cm-1), symmetry number
1         Statistical weight
0         Number of internal rotor, Br, sigma, dim, vr 
32.2391
36.1446
71.4428
92.8108
109.355
120.4394
163.8748
185.7187
199.4713
217.8069
228.3836
241.3182
255.1779
258.8335
351.8462
365.2891
410.9075
441.495
451.4344
494.0011
551.8991
622.4207
746.1745
781.0989
817.303
843.181
868.4722
929.0664
937.7144
942.8314
964.1416
970.1589
987.8203
1025.8507
1034.2236
1053.4312
1095.9071
1133.6226
1142.6972
1157.6185
1190.3084
1220.4717
1258.018
1284.3158
1303.5473
1318.0929
1334.269
1344.3436
1357.2779
1365.1526
1372.6384
1381.5604
1392.7968
1397.6412
1403.2391
1422.2913
1453.207
1465.3337
1482.2451
1487.577
1491.7777
1497.4122
1505.641
1507.1533
1513.5952
2961.8454
2984.1309
2989.4174
2997.2256
3013.1258
3018.1853
3019.3541
3025.7816
3031.1591
3067.5395
3072.0557
3077.2208
3078.4863
3082.7582
3085.8992
3093.118
3138.2864
3244.7181
3774.2004
