C9H19O2         N        (N for nonlinear, L for linear)
30 159.249          Number of atoms, molecular weight
-38.8807545895				Enthalpy of formation at the standard state!kcal
0.0311994444444 1    Rotational constat (cm-1), symmetry number
1         Statistical weight
0         Number of internal rotor, Br, sigma, dim, vr 
18.7458
38.0867
56.8851
69.337
124.45
164.4515
189.4195
208.6688
223.888
229.1095
234.2038
257.4227
261.3171
279.6563
327.3016
340.5504
363.3497
378.8612
416.439
477.421
507.731
526.8535
556.0949
747.5377
774.6569
833.8633
864.213
915.4403
920.509
927.2491
935.0054
947.3417
958.6156
983.1113
1026.5456
1050.3004
1084.5624
1113.5888
1127.4231
1160.4483
1188.3829
1200.9147
1231.3303
1262.7493
1278.0468
1321.9524
1332.0286
1343.3142
1358.6996
1385.9518
1394.2845
1395.4196
1408.2511
1415.0068
1424.9664
1468.7892
1478.7895
1489.0746
1489.407
1491.0386
1492.6445
1496.9728
1503.4014
1510.8241
1517.7632
2923.2213
2985.3858
3013.1311
3018.0165
3018.6496
3029.8169
3033.1144
3042.9861
3073.1729
3077.0122
3079.5832
3089.1618
3091.3673
3096.3165
3108.4804
3113.2087
3119.1648
3121.9898
3780.6844
