C9H18         N        (N for nonlinear, L for linear)
27 126.242          Number of atoms, molecular weight
-32.6357750696				Enthalpy of formation at the standard state!kcal
0.0517044444444 1    Rotational constat (cm-1), symmetry number
1         Statistical weight
0         Number of internal rotor, Br, sigma, dim, vr 
32.4326
48.6353
88.0456
113.4712
139.3989
189.7311
223.3934
236.0219
256.897
282.9029
304.0353
382.9395
393.9418
429.0143
441.4707
492.0799
555.7122
759.6308
792.6525
827.3498
865.6525
930.3329
944.6794
960.2698
962.4357
968.5915
1016.4477
1020.614
1038.0181
1102.6553
1107.7966
1134.5319
1145.7534
1190.2222
1213.0254
1253.8801
1283.2514
1318.0164
1345.5629
1369.4004
1378.292
1389.9813
1402.9426
1411.3268
1421.0158
1423.0418
1473.9005
1478.0334
1486.1941
1491.8423
1493.2543
1496.9083
1498.7587
1504.8457
1507.9406
1514.0752
1734.2382
2984.6961
2988.7127
3002.6928
3003.0737
3011.0596
3012.9164
3018.6416
3034.4435
3043.0376
3047.7697
3071.7921
3078.0944
3079.3024
3082.5801
3091.821
3097.3505
3106.2435
3120.7181
