C9H19O2         N        (N for nonlinear, L for linear)
30 159.249          Number of atoms, molecular weight
-31.3543996495				Enthalpy of formation at the standard state!kcal
0.0292833333333 1    Rotational constat (cm-1), symmetry number
1         Statistical weight
0         Number of internal rotor, Br, sigma, dim, vr 
43.4383
56.5535
58.367
98.775
127.72
138.8562
148.1045
215.0647
216.8569
226.0875
242.0877
248.2377
282.8908
291.5023
315.3392
355.7649
399.1825
421.3932
422.6841
460.0338
501.742
552.8408
584.2143
752.7747
827.3331
862.8349
879.9316
925.1522
933.0424
937.576
947.856
962.9062
966.8907
1004.9206
1019.7597
1046.3288
1067.7387
1124.0201
1140.2059
1158.5234
1186.4197
1194.2632
1235.474
1271.9947
1307.2444
1319.8636
1332.3178
1348.811
1358.5435
1363.8699
1374.3026
1388.3524
1396.1151
1401.533
1405.6255
1422.6701
1460.9821
1477.5154
1492.9495
1493.306
1496.6769
1501.0652
1505.2721
1508.3328
1527.3661
2985.2964
2999.4485
3003.1706
3016.6274
3017.7371
3020.7112
3024.8556
3038.1884
3061.3139
3078.0487
3081.3233
3083.5404
3087.5078
3091.8045
3092.5489
3097.0882
3121.5314
3223.3868
3772.114
