C9H19O2         N        (N for nonlinear, L for linear)
30 159.249          Number of atoms, molecular weight
-31.1768143195				Enthalpy of formation at the standard state!kcal
0.0298726666667 1    Rotational constat (cm-1), symmetry number
1         Statistical weight
0         Number of internal rotor, Br, sigma, dim, vr 
17.3797
35.2142
62.4199
77.3633
105.6783
117.1181
164.6274
183.3302
211.8398
219.4447
224.3622
244.7702
251.246
255.3321
347.1434
374.5997
398.1453
443.3212
451.8564
482.5913
511.2637
659.1907
754.7751
795.5493
827.6509
861.9971
922.0245
928.1017
944.7833
952.7653
960.399
969.0386
1001.5951
1033.3734
1048.2994
1092.5945
1105.9351
1121.5523
1165.3238
1188.274
1192.8176
1226.3944
1259.2691
1282.0569
1293.4648
1313.7371
1322.2111
1354.9416
1360.6834
1369.6478
1385.3163
1391.321
1401.4017
1411.7581
1420.3038
1424.7415
1459.3745
1470.8523
1487.6182
1491.8706
1497.2188
1499.1016
1504.7538
1505.8999
1512.8135
2940.0115
2946.6197
2982.6194
2984.2594
3002.1565
3012.3827
3016.7197
3018.534
3029.0742
3040.6136
3065.0368
3071.1436
3078.169
3082.8994
3090.3628
3090.8764
3106.3683
3146.8193
3768.5526
