C9H19O2         N        (N for nonlinear, L for linear)
30 159.249          Number of atoms, molecular weight
-40.3095948595				Enthalpy of formation at the standard state!kcal
0.0320368888889 1    Rotational constat (cm-1), symmetry number
1         Statistical weight
0         Number of internal rotor, Br, sigma, dim, vr 
21.5317
32.5814
51.979
103.6038
144.994
181.5623
193.7641
220.4942
226.1625
228.0958
250.0539
260.121
267.8598
315.0614
334.0197
364.2524
376.9765
386.2376
431.4888
446.4717
462.3859
525.2005
598.2664
739.7296
805.9798
841.9489
854.7782
869.0209
918.12
925.6728
932.2313
937.6856
964.9153
967.8005
997.815
1028.3632
1096.0517
1119.6317
1148.0598
1185.6612
1188.8252
1194.7295
1230.0627
1242.3316
1277.8675
1312.5192
1329.7315
1357.0577
1362.5732
1367.7031
1393.1108
1400.6136
1410.8228
1414.828
1424.2163
1463.1353
1471.2534
1482.58
1488.7889
1490.7114
1494.4159
1495.6053
1505.6869
1510.6042
1514.9397
2934.806
2985.6277
3012.1138
3012.3215
3016.1433
3022.5591
3033.5256
3040.8775
3054.987
3070.5949
3077.8323
3082.6343
3087.1405
3097.5648
3108.0766
3115.7585
3118.8082
3132.2614
3780.5037
