C9H19O2         N        (N for nonlinear, L for linear)
30 159.249          Number of atoms, molecular weight
-34.7649164995				Enthalpy of formation at the standard state!kcal
0.0287626666667 1    Rotational constat (cm-1), symmetry number
1         Statistical weight
0         Number of internal rotor, Br, sigma, dim, vr 
23.246
41.35
65.9937
82.6851
122.9128
148.4258
204.328
217.843
226.8301
230.8234
251.9306
258.6692
267.2104
293.1539
305.2883
367.0111
388.1709
393.2259
422.642
453.5277
483.8974
516.5195
605.432
811.9789
838.0265
869.5812
884.6716
907.7032
928.3267
937.5951
941.3118
951.5769
966.4284
974.872
1040.0041
1093.3003
1116.6167
1132.734
1154.5271
1184.216
1191.1003
1195.3811
1235.8746
1255.5578
1306.3673
1319.6014
1342.8891
1348.3689
1363.0631
1366.7869
1388.9384
1399.6584
1401.9084
1415.6443
1420.8468
1428.5124
1459.639
1489.056
1492.2008
1495.0065
1497.4396
1505.5314
1506.2672
1510.3154
1522.1977
2953.212
2983.3326
2997.5383
3000.0042
3010.8893
3013.5923
3018.7945
3020.073
3024.9913
3072.9407
3079.7225
3080.2072
3085.2055
3085.6368
3087.6652
3091.4663
3096.0782
3138.9586
3774.7476
