C9H18O         N        (N for nonlinear, L for linear)
28 159.249          Number of atoms, molecular weight
-67.7377432046				Enthalpy of formation at the standard state!kcal
0.0454138888889 1    Rotational constat (cm-1), symmetry number
1         Statistical weight
0         Number of internal rotor, Br, sigma, dim, vr 
45.4166
62.6887
111.2476
120.4189
210.0052
214.9957
228.2683
239.2086
249.0706
262.959
315.8517
354.1076
365.7977
417.5074
458.5951
482.1118
605.9887
723.4463
765.6925
852.0413
889.054
920.8548
928.0302
931.7834
944.9796
963.2903
965.2045
979.5586
1004.1062
1017.994
1058.7374
1089.6628
1125.7117
1136.6996
1166.1907
1189.9362
1204.6022
1223.2806
1257.4989
1279.2989
1310.9245
1319.177
1330.6017
1349.2722
1369.5288
1386.0681
1398.6283
1399.8118
1407.8594
1419.8249
1425.6305
1487.4778
1491.6338
1494.156
1496.016
1500.4473
1506.0998
1509.9216
1515.3311
1517.3152
2985.4268
2986.7193
3003.668
3004.1395
3016.2933
3021.5623
3022.6431
3030.2859
3066.3271
3075.0044
3080.3961
3084.2296
3087.3499
3087.8845
3092.929
3101.3325
3108.8869
3118.257
