C9H19O2         N        (N for nonlinear, L for linear)
30 159.249          Number of atoms, molecular weight
-50.4940821595				Enthalpy of formation at the standard state!kcal
0.0311278888889 1    Rotational constat (cm-1), symmetry number
1         Statistical weight
0         Number of internal rotor, Br, sigma, dim, vr 
26.3566
38.1261
60.1714
84.2537
104.3399
151.6273
208.8522
217.6561
228.3491
237.2785
245.2461
256.3662
307.699
329.4042
359.557
386.6443
417.4487
421.6181
461.7895
562.4773
598.4417
763.3579
794.6164
840.7168
853.14
927.1445
930.8263
932.14
946.8145
965.7321
966.6835
977.0598
1031.6245
1044.4117
1107.0301
1138.5323
1149.6545
1165.1439
1180.0928
1190.1704
1194.4919
1249.2456
1280.6022
1282.5224
1333.1978
1352.1222
1367.1475
1375.7251
1392.1685
1394.8129
1398.1587
1406.2843
1406.9306
1423.9445
1426.1323
1464.8234
1476.007
1489.2476
1491.1029
1498.1746
1498.4069
1507.0308
1507.3512
1512.8465
1513.991
3011.5923
3014.3646
3014.3676
3016.7631
3016.9643
3018.3795
3028.6042
3031.6303
3063.6142
3065.873
3074.3864
3074.5111
3082.7466
3083.5255
3085.8244
3087.3085
3089.7947
3090.0038
3103.7458
