 C9H19O2          Molecular weight =159.249

 Heat of formation at 298K =  -50.494 (kcal/mol)

 B =   0.031 cm?1     Symmetric number =  1

 Internal rotation
 ===================================================
  No      Br       sigma    dim      Vr(kcal/mol)
 ===================================================


 Vibrational Frequencies (cm^-1)
 -------------------------------
         26.
         38.
         60.
         84.
        104.
        152.
        209.
        218.
        228.
        237.
        245.
        256.
        308.
        329.
        360.
        387.
        417.
        422.
        462.
        562.
        598.
        763.
        795.
        841.
        853.
        927.
        931.
        932.
        947.
        966.
        967.
        977.
       1032.
       1044.
       1107.
       1139.
       1150.
       1165.
       1180.
       1190.
       1194.
       1249.
       1281.
       1283.
       1333.
       1352.
       1367.
       1376.
       1392.
       1395.
       1398.
       1406.
       1407.
       1424.
       1426.
       1465.
       1476.
       1489.
       1491.
       1498.
       1498.
       1507.
       1507.
       1513.
       1514.
       3012.
       3014.
       3014.
       3017.
       3017.
       3018.
       3029.
       3032.
       3064.
       3066.
       3074.
       3075.
       3083.
       3084.
       3086.
       3087.
       3090.
       3090.
       3104.
 -------------------------------


1
   T(K)       Cp(cal/mol/K)   S(cal/mol/K)  [H(T)-H(298K)](kcal/mol)
 -----------------------------------------------------------------
   50.00          0.000          0.000            -9.128
  100.00         25.524         78.481            -7.865
  200.00         39.818        100.797            -4.564
  298.15         53.459        119.182             0.000
  300.00         53.732        119.513             0.099
  350.00         61.171        128.354             2.971
  400.00         68.539        137.005             6.215
  450.00         75.585        145.489             9.820
  500.00         82.176        153.798            13.766
  500.00         82.176        153.798            13.766
  550.00         88.271        161.920            18.029
  600.00         93.879        169.844            22.585
  650.00         99.038        177.565            27.410
  700.00        103.789        185.081            32.482
  750.00        108.173        192.393            37.782
  800.00        112.227        199.506            43.294
  850.00        115.981        206.423            49.000
  900.00        119.464        213.153            54.887
  950.00        122.697        219.699            60.942
 1000.00        125.701        226.070            67.153
 1100.00        131.091        238.310            79.999
 1200.00        135.758        249.921            93.347
 1300.00        139.806        260.951           107.130
 1400.00        143.325        271.444           121.291
 1500.00        146.390        281.439           135.780
 1600.00        149.067        290.974           150.556
 1700.00        151.414        300.083           165.583
 1800.00        153.476        308.798           180.829
 1900.00        155.296        317.145           196.270
 2000.00        156.906        325.153           211.882
 2100.00        158.335        332.844           227.645
 2200.00        159.609        340.239           243.543
 2300.00        160.747        347.360           259.562
 2400.00        161.768        354.223           275.689
 2500.00        162.686        360.846           291.912
 2600.00        163.514        367.243           308.223
 2700.00        164.263        373.428           324.613
 2800.00        164.943        379.414           341.073
 2900.00        165.561        385.214           357.599
 3000.00        166.125        390.836           374.184
 -----------------------------------------------------------------
1
 High temperature

     Input value
     ------------


 No.Points =   20    Gas constant=      1.9871     Enthalpy of formation=   -50.4941



 Cpo at To=       125.701     H-H298 at To=     67153.141     Sto at To=       226.070






     TEMP.          H-H298          Pred/Correct          Sto          Pred/Correct          Cpo          Pred/Correct
     -----          ------          ------------          ---          ------------          ---          ------------

       1100.0      79999.2734             0.9998          238.3098           0.9999          131.0914           0.9978
       1200.0      93347.3359             0.9995          249.9212           0.9998          135.7585           0.9973
       1300.0     107130.3594             0.9992          260.9513           0.9997          139.8065           0.9977
       1400.0     121290.9922             0.9991          271.4438           0.9997          143.3246           0.9985
       1500.0     135780.1875             0.9991          281.4391           0.9996          146.3898           0.9996
       1600.0     150556.0313             0.9992          290.9743           0.9996          149.0675           1.0005
       1700.0     165582.6406             0.9993          300.0834           0.9997          151.4138           1.0013
       1800.0     180829.3281             0.9995          308.7977           0.9997          153.4765           1.0018
       1900.0     196269.8438             0.9997          317.1454           0.9998          155.2957           1.0020
       2000.0     211881.5156             0.9999          325.1529           0.9999          156.9057           1.0019
       2100.0     227644.9844             1.0000          332.8436           0.9999          158.3353           1.0015
       2200.0     243543.3750             1.0001          340.2393           0.9999          159.6089           1.0009
       2300.0     259562.2188             1.0001          347.3598           0.9999          160.7473           1.0002
       2400.0     275688.9063             1.0001          354.2231           0.9999          161.7680           0.9995
       2500.0     291912.4063             1.0000          360.8457           0.9999          162.6861           0.9989
       2600.0     308223.1250             1.0000          367.2428           0.9999          163.5142           0.9985
       2700.0     324612.6250             0.9999          373.4281           0.9999          164.2634           0.9985
       2800.0     341073.5000             0.9998          379.4145           0.9999          164.9431           0.9990
       2900.0     357599.1875             0.9998          385.2135           0.9999          165.5613           1.0001
       3000.0     374183.9063             0.9999          390.8359           0.9999          166.1249           1.0021
     -----------------------------------------------------------------------------------------------------------------




     Least square coefficients
     -------------------------
     A(1)=  0.19394812E+02

     A(2)=  0.63424863E-01

     A(3)= -0.22323879E-04

     A(4)=  0.27525604E-08

     A(5)=  0.86619876E-14

     A6=-0.35972430E+05

     A7=-0.73391144E+02

     Lambdao= 0.54183626E+00

     Lambda1= 0.17971186E+00

     Lambda2= 0.54843408E+00


     -----------------------------------------------------------------------------------------------------------------
     NER= 1
     -----------------------------------------------------------------------------------------------------------------
1
     1100. K to     3000. K
 0.19394812E+02 0.63424863E-01-0.22323879E-04 0.27525604E-08 0.86619876E-14
-0.35972430E+05-0.73391144E+02
                               0.19394812E+02 0.63424863E-01-0.22323879E-04
 0.27525604E-08 0.86619876E-14-0.35972430E+05-0.73391144E+02



 Low temperature


     Input value
     ------------


 No.Points =   15    Gas constant=      1.9871     Enthalpy of formation=   -50.4941



 Cpo at To=       125.701     H-H298 at To=     67153.141     Sto at To=       226.070






     TEMP.          H-H298          Pred/Correct          Sto          Pred/Correct          Cpo          Pred/Correct
     -----          ------          ------------          ---          ------------          ---          ------------

        300.0         99.1517             0.9657          119.5133           0.9999           53.7317           0.9982
        350.0       2971.3413             0.9997          128.3536           0.9999           61.1708           1.0021
        400.0       6214.9937             1.0008          137.0052           1.0000           68.5389           1.0012
        450.0       9819.7988             1.0007          145.4888           1.0001           75.5852           0.9998
        500.0      13765.8740             1.0003          153.7979           1.0000           82.1764           0.9991
        500.0      13765.8740             1.0003          153.7979           1.0000           82.1764           0.9991
        550.0      18029.1270             1.0000          161.9199           1.0000           88.2707           0.9992
        600.0      22584.8418             0.9999          169.8443           1.0000           93.8795           0.9998
        650.0      27409.5703             1.0000          177.5653           1.0000           99.0381           1.0004
        700.0      32481.8535             1.0001          185.0810           1.0000          103.7889           1.0008
        750.0      37782.3438             1.0002          192.3932           1.0000          108.1729           1.0008
        800.0      43293.6445             1.0002          199.5056           1.0001          112.2267           1.0004
        850.0      49000.0313             1.0002          206.4234           1.0001          115.9814           0.9998
        900.0      54887.2461             1.0001          213.1525           1.0000          119.4639           0.9993
        950.0      60942.2617             1.0000          219.6993           1.0000          122.6971           0.9992
     -----------------------------------------------------------------------------------------------------------------




     Least square coefficients
     -------------------------
     A(1)=  0.21768606E+01

     A(2)=  0.81234701E-01

     A(3)=  0.26732734E-04

     A(4)= -0.83690438E-07

     A(5)=  0.36803158E-10

     A6=-0.29759748E+05

     A7= 0.22823803E+02

     Lambdao= 0.50742477E-01

     Lambda1=-0.50769225E-01

     Lambda2=-0.14440008E-01


     -----------------------------------------------------------------------------------------------------------------
     NER= 1
     -----------------------------------------------------------------------------------------------------------------
1
      300. K to      950. K
 0.21768606E+01 0.81234701E-01 0.26732734E-04-0.83690438E-07 0.36803158E-10
-0.29759748E+05 0.22823803E+02
                               0.21768606E+01 0.81234701E-01 0.26732734E-04
-0.83690438E-07 0.36803158E-10-0.29759748E+05 0.22823803E+02
