C9H19O2         N        (N for nonlinear, L for linear)
30 159.249          Number of atoms, molecular weight
-36.1855991395				Enthalpy of formation at the standard state!kcal
0.0317336666667 1    Rotational constat (cm-1), symmetry number
1         Statistical weight
0         Number of internal rotor, Br, sigma, dim, vr 
31.4263
47.7153
68.1997
89.0612
97.2107
130.1609
173.6295
196.0263
209.3126
228.0841
240.7503
249.9188
263.9969
281.4703
341.2819
350.9522
370.6638
390.7682
432.799
458.8816
526.2729
540.2868
552.4527
749.4011
761.0433
827.8324
840.4547
872.6236
915.3527
920.541
929.2137
939.8306
948.1596
996.6946
1015.3837
1045.0555
1057.4778
1073.9606
1113.4375
1137.8964
1195.1948
1202.8665
1231.6537
1264.5939
1280.532
1310.5733
1332.2978
1345.641
1356.4742
1359.133
1375.8457
1394.6928
1397.465
1406.6296
1415.9732
1461.873
1474.3098
1483.7661
1487.5878
1492.5994
1497.1047
1498.2533
1502.8976
1509.6203
1517.822
2992.8809
3003.8065
3016.134
3018.1381
3027.756
3029.2837
3032.8615
3042.5614
3056.7797
3076.7568
3080.1695
3092.0041
3096.5752
3108.395
3112.5041
3122.3785
3125.3124
3230.737
3780.1062
