C9H18O         N        (N for nonlinear, L for linear)
28 159.249          Number of atoms, molecular weight
-84.8449208245				Enthalpy of formation at the standard state!kcal
0.0470878888889 1    Rotational constat (cm-1), symmetry number
1         Statistical weight
0         Number of internal rotor, Br, sigma, dim, vr 
64.9316
80.6167
167.4877
208.5513
217.1072
224.565
242.2519
261.493
295.2715
308.3361
392.782
411.5087
425.0285
447.9688
483.8706
517.7369
596.1448
790.0403
834.8904
873.2323
877.0353
915.0027
933.4862
947.3405
966.6589
970.3744
1003.8792
1015.0426
1045.5944
1089.6624
1108.9533
1113.9797
1151.1377
1169.2086
1186.9578
1204.5499
1224.4752
1256.3764
1286.7524
1321.0456
1332.1844
1340.0301
1347.8605
1359.0284
1377.525
1388.9553
1397.8668
1398.6114
1408.9201
1419.307
1421.2712
1480.7079
1488.2535
1491.4168
1495.8696
1497.9729
1501.8067
1502.5757
1507.614
1518.3653
2912.9931
2941.9502
2991.9303
3005.7249
3007.0948
3016.4413
3016.9272
3017.5276
3023.2392
3047.0695
3070.2069
3070.9769
3073.8562
3078.287
3082.4943
3083.9381
3099.605
3123.5122
