TS_3e_35_7_13_14_1_scan_b3631gd
Calculated at [      ] level of theory      

30               !Number of atoms in the molecule

0, 41, 10.0       ! Minumum angle, No. of Points and Stepsize (in degrees)

12.011
1.008
1.008
12.011
12.011
1.008
1.008
12.011
1.008
12.011
1.008
1.008
12.011
12.011
1.008
1.008
1.008
15.999
15.999
1.008
1.008
12.011
1.008
1.008
1.008
12.011
1.008
1.008
1.008
1.008

-3.239592 -1.137158 -0.556044 
-2.815644 -2.147025 -0.480699 
-4.223028 -1.159926 -0.072724 
-2.33229 -0.089859 0.106042 
-2.147303 -0.362881 1.604798 
-1.483343 0.380142 2.058054 
-3.111035 -0.318306 2.125277 
-1.004464 0.036233 -0.659409 
-1.226012 0.281177 -1.705121 
-0.009162 -1.137048 -0.532498 
-0.448308 -2.02408 -0.060885 
0.380742 -1.435877 -1.511724 
1.069531 -0.495736 0.305121 
2.427183 -0.161873 -0.231483 
2.317847 0.067951 -1.300357 
-3.396477 -0.91898 -1.619451 
-1.724539 -1.358422 1.793698 
-0.147614 1.080485 -0.122844 
-0.952019 2.480927 -0.577128 
-0.922481 2.876958 0.31153 
-2.810242 0.891675 0.000677 
3.018617 1.071131 0.469067 
3.13629 0.892464 1.545828 
4.007208 1.312957 0.061755 
2.364725 1.937216 0.333984 
3.369121 -1.382953 -0.102215 
2.967134 -2.260555 -0.621536 
4.351383 -1.156011 -0.534097 
3.51891 -1.652609 0.95041 
0.972878 -0.558171 1.387961 

-3.218529 -1.197833 -0.530843 
-2.773259 -2.194252 -0.411914 
-4.204252 -1.222411 -0.052291 
-2.338455 -0.104444 0.092347 
-2.156116 -0.311762 1.601761 
-1.514671 0.46625 2.027841 
-3.123963 -0.271346 2.114925 
-1.009481 0.019372 -0.671447 
-1.231154 0.215615 -1.727343 
0.01087 -1.125491 -0.492355 
-0.410838 -2.005977 0.00675 
0.416979 -1.448574 -1.457123 
1.063357 -0.426363 0.331564 
2.4275 -0.110445 -0.199594 
2.305461 0.221818 -1.240454 
-3.373519 -1.026937 -1.603151 
-1.709003 -1.287556 1.832999 
-0.179006 1.104906 -0.176142 
-1.013901 2.462028 -0.700456 
-0.970597 2.914444 0.160252 
-2.837052 0.861153 -0.055401 
3.090647 1.023364 0.594414 
3.233269 0.736819 1.64458 
4.075031 1.268539 0.179478 
2.47083 1.924739 0.567103 
3.310247 -1.38145 -0.217794 
2.849456 -2.184945 -0.803429 
4.288567 -1.159897 -0.661139 
3.479533 -1.758042 0.798501 
0.950065 -0.44948 1.41435 

-3.199554 -1.254672 -0.499053 
-2.735125 -2.236062 -0.336269 
-4.186965 -1.278734 -0.023975 
-2.344428 -0.118388 0.080668 
-2.162946 -0.259462 1.59771 
-1.543698 0.551672 1.99374 
-3.1335 -0.223536 2.106086 
-1.015963 0.00069 -0.684745 
-1.239236 0.14805 -1.748258 
0.028205 -1.113906 -0.457236 
-0.374825 -1.986394 0.070696 
0.446898 -1.460163 -1.408066 
1.055995 -0.359336 0.348649 
2.4322 -0.064018 -0.167019 
2.312097 0.368955 -1.171393 
-3.352593 -1.132397 -1.578273 
-1.69165 -1.213144 1.869466 
-0.208444 1.122651 -0.234721 
-1.069387 2.438325 -0.822209 
-1.017385 2.939108 0.010792 
-2.862176 0.82981 -0.108063 
3.156256 0.960586 0.715655 
3.304214 0.570054 1.730987 
4.142696 1.205634 0.305986 
2.576441 1.886415 0.788285 
3.256514 -1.363384 -0.329427 
2.752003 -2.083897 -0.98232 
4.235143 -1.138581 -0.770073 
3.428332 -1.847702 0.63983 
0.91889 -0.336333 1.428538 

-3.185883 -1.304289 -0.45747 
-2.70671 -2.270159 -0.250372 
-4.173429 -1.322012 0.017602 
-2.349008 -0.129949 0.070867 
-2.165477 -0.201301 1.592482 
-1.564676 0.639598 1.95326 
-3.136856 -0.165039 2.09927 
-1.02287 -0.023942 -0.700624 
-1.249621 0.071804 -1.769329 
0.041036 -1.108926 -0.425616 
-0.345269 -1.967928 0.13612 
0.466728 -1.483673 -1.361642 
1.04824 -0.301366 0.355077 
2.439641 -0.021787 -0.135894 
2.334151 0.515633 -1.091302 
-3.339368 -1.233059 -1.541183 
-1.673392 -1.13178 1.904602 
-0.232321 1.129266 -0.30322 
-1.114302 2.405114 -0.951146 
-1.062298 2.946965 -0.14423 
-2.881829 0.800665 -0.159048 
3.207431 0.880482 0.838538 
3.349669 0.381859 1.806192 
4.198213 1.133276 0.44476 
2.66331 1.814444 1.015136 
3.216249 -1.323625 -0.442711 
2.689776 -1.950923 -1.169282 
4.201605 -1.0845 -0.859721 
3.37251 -1.917414 0.466547 
0.882766 -0.225588 1.428322 

-3.175059 -1.347592 -0.414024 
-2.686981 -2.296887 -0.156824 
-4.164849 -1.35221 0.056646 
-2.353277 -0.139527 0.059277 
-2.178137 -0.133299 1.583536 
-1.58892 0.731188 1.905616 
-3.152885 -0.083053 2.082634 
-1.023829 -0.058618 -0.709677 
-1.24583 -0.018382 -1.782963 
0.05009 -1.117108 -0.376635 
-0.328616 -1.949731 0.228463 
0.479704 -1.535771 -1.290941 
1.043645 -0.259233 0.368155 
2.445227 0.018651 -0.104939 
2.350305 0.665271 -0.992117 
-3.323517 -1.331909 -1.500642 
-1.677811 -1.04166 1.943843 
-0.245544 1.11956 -0.366299 
-1.137575 2.356213 -1.082621 
-1.091962 2.93786 -0.30348 
-2.894183 0.772886 -0.21953 
3.248309 0.783955 0.955577 
3.394804 0.171802 1.85489 
4.23776 1.062601 0.57639 
2.728794 1.701836 1.252026 
3.187106 -1.254921 -0.569272 
2.653673 -1.772317 -1.372585 
4.181217 -0.990924 -0.948241 
3.322064 -1.962449 0.258473 
0.854289 -0.124387 1.43125 

-3.163195 -1.389076 -0.371741 
-2.670976 -2.3189 -0.057465 
-4.158247 -1.375982 0.087496 
-2.355732 -0.150554 0.044045 
-2.200592 -0.059338 1.567972 
-1.617155 0.823206 1.849123 
-3.181989 0.016259 2.050622 
-1.016727 -0.102343 -0.711084 
-1.224479 -0.121637 -1.787889 
0.058757 -1.133238 -0.307025 
-0.322348 -1.926774 0.347295 
0.49575 -1.609387 -1.188225 
1.042175 -0.227331 0.39513 
2.446468 0.062609 -0.072443 
2.35598 0.820684 -0.867485 
-3.299147 -1.43399 -1.459169 
-1.703823 -0.945137 1.985092 
-0.249273 1.096266 -0.420848 
-1.141801 2.291386 -1.21411 
-1.107605 2.912655 -0.465553 
-2.898919 0.741204 -0.29127 
3.287892 0.670416 1.060431 
3.436934 -0.053103 1.872297 
4.276184 0.9738 0.69753 
2.797947 1.555083 1.482723 
3.153504 -1.154482 -0.70487 
2.615078 -1.536883 -1.577241 
4.158203 -0.869796 -1.037374 
3.260323 -1.975105 0.01569 
0.834826 -0.028667 1.444331 

-3.135613 -1.44117 -0.35391 
-2.645336 -2.342314 0.037315 
-4.148241 -1.413501 0.064418 
-2.359799 -0.167852 0.014074 
-2.267844 0.023067 1.534046 
-1.701244 0.926928 1.779729 
-3.268547 0.121465 1.970734 
-0.990468 -0.150218 -0.685306 
-1.15083 -0.231105 -1.767573 
0.071297 -1.148899 -0.179351 
-0.327999 -1.876381 0.537751 
0.518905 -1.708222 -1.00421 
1.053091 -0.195914 0.463527 
2.443738 0.114094 -0.037029 
2.343598 0.977562 -0.714065 
-3.227583 -1.556051 -1.440828 
-1.782913 -0.828986 2.028415 
-0.241853 1.066962 -0.42908 
-1.117804 2.217047 -1.312461 
-1.109477 2.875082 -0.595228 
-2.898009 0.693462 -0.399311 
3.357089 0.539264 1.126205 
3.518112 -0.290929 1.825642 
4.337406 0.860934 0.757206 
2.919383 1.372784 1.687488 
3.086343 -1.02412 -0.853029 
2.514063 -1.257835 -1.756381 
4.093583 -0.732391 -1.17091 
3.176671 -1.942521 -0.259457 
0.848294 0.071601 1.497566 

-3.111381 -1.485079 -0.323187 
-2.624902 -2.358033 0.131447 
-4.134763 -1.442301 0.066724 
-2.354667 -0.186111 -0.009332 
-2.306333 0.09496 1.498548 
-1.75151 1.015716 1.705136 
-3.31924 0.211925 1.901129 
-0.966366 -0.197693 -0.670126 
-1.095393 -0.341049 -1.750254 
0.087393 -1.157194 -0.0793 
-0.325258 -1.836869 0.675775 
0.553969 -1.767636 -0.855925 
1.055809 -0.162567 0.521117 
2.438778 0.161494 0.008773 
2.34896 1.11164 -0.541248 
-3.174066 -1.662683 -1.403726 
-1.830411 -0.722751 2.05566 
-0.231907 1.036402 -0.462015 
-1.095121 2.133363 -1.426756 
-1.110379 2.826766 -0.743762 
-2.886626 0.645068 -0.487382 
3.407421 0.399012 1.18417 
3.557577 -0.519558 1.765301 
4.38716 0.729241 0.820725 
3.025477 1.168861 1.864749 
3.013213 -0.880066 -0.966226 
2.394431 -0.985772 -1.86341 
4.013902 -0.576002 -1.292577 
3.102334 -1.866177 -0.493503 
0.839913 0.164937 1.535462 

-3.090274 -1.519404 -0.283806 
-2.609617 -2.364526 0.226297 
-4.120723 -1.459411 0.084607 
-2.342471 -0.202801 -0.027328 
-2.322678 0.159243 1.463925 
-1.77028 1.089304 1.63174 
-3.343036 0.298468 1.839725 
-0.942755 -0.245504 -0.662453 
-1.052635 -0.452223 -1.734409 
0.104621 -1.162488 0.001948 
-0.320363 -1.805768 0.781419 
0.594203 -1.807602 -0.731396 
1.051962 -0.129839 0.571114 
2.431471 0.204806 0.061604 
2.365184 1.222106 -0.355014 
-3.132673 -1.755599 -1.354076 
-1.859573 -0.627949 2.073319 
-0.216954 1.001992 -0.513798 
-1.068193 2.038153 -1.554139 
-1.109276 2.76455 -0.907466 
-2.867418 0.599566 -0.559372 
3.439156 0.254034 1.230217 
3.567293 -0.735878 1.685625 
4.421657 0.591366 0.880401 
3.10718 0.944524 2.014291 
2.939966 -0.723407 -1.050992 
2.273256 -0.717346 -1.919834 
3.928393 -0.396116 -1.391788 
3.036569 -1.757693 -0.69811 
0.816022 0.247286 1.563736 

-3.070841 -1.548354 -0.235313 
-2.593581 -2.364952 0.322292 
-4.105097 -1.472295 0.119201 
-2.328099 -0.218491 -0.039346 
-2.322052 0.217784 1.432089 
-1.775376 1.157763 1.558079 
-3.346196 0.370523 1.792016 
-0.923667 -0.289269 -0.661587 
-1.025319 -0.554664 -1.72128 
0.122635 -1.163133 0.059916 
-0.309356 -1.784183 0.853493 
0.637756 -1.825883 -0.63956 
1.04212 -0.094802 0.606845 
2.425294 0.241099 0.115642 
2.394909 1.303789 -0.171771 
-3.101935 -1.839319 -1.29244 
-1.860775 -0.535976 2.083672 
-0.205173 0.968742 -0.576636 
-1.048422 1.938017 -1.681464 
-1.105193 2.698183 -1.076152 
-2.850583 0.554625 -0.615394 
3.450788 0.110287 1.264876 
3.540965 -0.930862 1.59845 
4.442147 0.443938 0.936498 
3.16183 0.717189 2.130841 
2.877242 -0.565471 -1.108442 
2.17297 -0.457127 -1.940039 
3.855872 -0.213128 -1.452689 
2.975363 -1.632495 -0.873536 
0.779787 0.320307 1.577727 

-3.051178 -1.576101 -0.184553 
-2.574263 -2.362767 0.41479 
-4.088297 -1.488409 0.158784 
-2.316189 -0.234521 -0.04735 
-2.32127 0.270984 1.401742 
-1.783614 1.220793 1.485331 
-3.348562 0.431339 1.749132 
-0.908273 -0.326578 -0.658901 
-1.003213 -0.644129 -1.704641 
0.140124 -1.157206 0.109415 
-0.294614 -1.759361 0.916103 
0.677823 -1.83286 -0.560387 
1.032124 -0.055135 0.632262 
2.423942 0.270459 0.165405 
2.438487 1.359025 -0.000538 
-3.073397 -1.917552 -1.22673 
-1.856546 -0.446795 2.090423 
-0.2009 0.94113 -0.633578 
-1.035918 1.837431 -1.797584 
-1.094244 2.635078 -1.242834 
-2.839564 0.507571 -0.662173 
3.450903 -0.030964 1.282618 
3.496321 -1.105516 1.498149 
4.453834 0.292908 0.979911 
3.196255 0.488805 2.21355 
2.827443 -0.41182 -1.147419 
2.102056 -0.198933 -1.939149 
3.805873 -0.046456 -1.478603 
2.907423 -1.499443 -1.029742 
0.745445 0.390867 1.582556 

-3.023012 -1.6094 -0.148911 
-2.544324 -2.364189 0.488734 
-4.066114 -1.522543 0.176048 
-2.308721 -0.252775 -0.056776 
-2.342597 0.312578 1.369523 
-1.819987 1.273026 1.42044 
-3.377105 0.471676 1.695361 
-0.89034 -0.350057 -0.642576 
-0.963656 -0.715427 -1.674234 
0.15769 -1.130796 0.177841 
-0.281656 -1.698768 1.006508 
0.711261 -1.831823 -0.452307 
1.03107 0.003872 0.658817 
2.433098 0.296364 0.204383 
2.510078 1.39309 0.145178 
-3.025454 -1.993394 -1.176423 
-1.877485 -0.368715 2.094007 
-0.205473 0.930985 -0.66609 
-1.029676 1.749251 -1.885076 
-1.08725 2.582566 -1.385491 
-2.832844 0.455301 -0.709875 
3.451268 -0.17087 1.273016 
3.433255 -1.261905 1.38432 
4.468847 0.119975 0.985576 
3.238348 0.271504 2.253053 
2.781325 -0.274221 -1.176441 
2.04829 0.044895 -1.923495 
3.76953 0.077977 -1.492941 
2.815447 -1.370508 -1.165383 
0.734204 0.484173 1.589202 

-2.962324 -1.665276 -0.145714 
-2.490646 -2.372421 0.549197 
-4.02312 -1.60313 0.122704 
-2.302471 -0.27972 -0.081734 
-2.428455 0.348751 1.312486 
-1.934415 1.324983 1.344718 
-3.482971 0.492561 1.575129 
-0.852396 -0.35094 -0.587997 
-0.856828 -0.759691 -1.605927 
0.172934 -1.067185 0.317319 
-0.29144 -1.547268 1.186009 
0.724831 -1.835905 -0.231546 
1.056402 0.09122 0.715726 
2.459121 0.317284 0.227006 
2.625565 1.404653 0.255991 
-2.898949 -2.094529 -1.153194 
-1.985509 -0.284191 2.092539 
-0.210061 0.952429 -0.632581 
-1.007377 1.694814 -1.907385 
-1.083499 2.553407 -1.455375 
-2.816968 0.377748 -0.792591 
3.470868 -0.323215 1.209502 
3.361566 -1.414414 1.230491 
4.498861 -0.095396 0.902726 
3.33257 0.049332 2.230978 
2.708455 -0.156615 -1.211699 
1.98446 0.294238 -1.896187 
3.716559 0.128204 -1.53396 
2.636917 -1.247779 -1.298522 
0.786332 0.619893 1.627878 

-2.930668 -1.699302 -0.095854 
-2.454346 -2.368918 0.632315 
-3.994783 -1.643296 0.160526 
-2.29392 -0.301561 -0.084411 
-2.441939 0.381836 1.28154 
-1.962054 1.365649 1.278164 
-3.500756 0.520976 1.528907 
-0.838431 -0.369275 -0.575276 
-0.826232 -0.819514 -1.575414 
0.191552 -1.0301 0.366772 
-0.270846 -1.481227 1.251936 
0.759269 -1.812188 -0.146599 
1.055522 0.157105 0.719411 
2.474568 0.337144 0.258165 
2.714739 1.403035 0.383669 
-2.850995 -2.169294 -1.08382 
-1.997189 -0.212152 2.090633 
-0.219346 0.943121 -0.669483 
-1.013595 1.616408 -1.980332 
-1.111592 2.491401 -1.565469 
-2.81301 0.317139 -0.826111 
3.432334 -0.457757 1.180184 
3.248826 -1.536203 1.10088 
4.475608 -0.274181 0.896173 
3.312528 -0.171055 2.231225 
2.70094 -0.020784 -1.21905 
2.016901 0.54083 -1.860393 
3.731601 0.211909 -1.510788 
2.545006 -1.09072 -1.404939 
0.76832 0.722816 1.603426 

-2.928072 -1.712858 -0.010867 
-2.440577 -2.351121 0.737783 
-3.987026 -1.641097 0.262474 
-2.287024 -0.318521 -0.073923 
-2.404882 0.423939 1.26395 
-1.932438 1.409624 1.205419 
-3.457822 0.568065 1.532626 
-0.842645 -0.411381 -0.593015 
-0.85381 -0.903711 -1.572991 
0.208074 -1.03009 0.353764 
-0.234914 -1.493838 1.243134 
0.802105 -1.793318 -0.158479 
1.032997 0.189144 0.689469 
2.476568 0.353025 0.300879 
2.757325 1.38823 0.541756 
-2.868015 -2.226741 -0.978086 
-1.935026 -0.131448 2.086222 
-0.225056 0.894787 -0.754829 
-1.031874 1.509337 -2.088489 
-1.153951 2.393504 -1.700225 
-2.820434 0.269025 -0.830881 
3.365821 -0.574057 1.165478 
3.139834 -1.629621 0.972004 
4.424823 -0.411098 0.931997 
3.223066 -0.388274 2.236135 
2.742186 0.140364 -1.199315 
2.110448 0.79741 -1.801571 
3.794346 0.34593 -1.428657 
2.538515 -0.893988 -1.503526 
0.695467 0.780621 1.537751 

-2.921665 -1.725125 0.052788 
-2.429975 -2.332107 0.824332 
-3.979319 -1.642797 0.328182 
-2.281585 -0.334293 -0.069828 
-2.396067 0.461951 1.237155 
-1.929582 1.447143 1.13638 
-3.448258 0.611773 1.505631 
-0.839332 -0.449049 -0.590165 
-0.855542 -0.985263 -1.5468 
0.217796 -1.022188 0.377486 
-0.21649 -1.469429 1.279973 
0.825138 -1.788263 -0.114566 
1.022691 0.221085 0.672754 
2.484563 0.357925 0.337469 
2.801109 1.352819 0.680608 
-2.865821 -2.277626 -0.893083 
-1.918908 -0.057161 2.078701 
-0.221953 0.84803 -0.813196 
-1.035988 1.408059 -2.168968 
-1.181932 2.298813 -1.804627 
-2.817968 0.221245 -0.848593 
3.321011 -0.681381 1.120684 
3.066698 -1.704433 0.819661 
4.389408 -0.532503 0.924378 
3.161227 -0.597111 2.201727 
2.770664 0.285505 -1.17407 
2.188884 1.033311 -1.717083 
3.83774 0.450502 -1.364525 
2.510382 -0.698156 -1.584272 
0.651085 0.850568 1.477853 

-2.927175 -1.729299 0.118522 
-2.43944 -2.302294 0.918042 
-3.984688 -1.628813 0.388397 
-2.279268 -0.349016 -0.066836 
-2.392595 0.506104 1.202462 
-1.922803 1.484323 1.058068 
-3.444612 0.671721 1.462194 
-0.837137 -0.49637 -0.579129 
-0.857004 -1.077542 -1.509119 
0.217539 -1.028109 0.413569 
-0.215244 -1.448043 1.330213 
0.831287 -1.805395 -0.051476 
1.013114 0.231358 0.664806 
2.488901 0.35429 0.375015 
2.824773 1.298907 0.82479 
-2.873263 -2.325415 -0.800554 
-1.918712 0.0236 2.067317 
-0.209541 0.783393 -0.862409 
-1.022169 1.287861 -2.247052 
-1.175481 2.19035 -1.916074 
-2.811155 0.173106 -0.87139 
3.293137 -0.779921 1.049327 
3.039245 -1.758532 0.626352 
4.366957 -0.621543 0.895872 
3.109386 -0.819643 2.129166 
2.796572 0.44135 -1.13328 
2.253597 1.267365 -1.597044 
3.872456 0.583557 -1.290903 
2.499854 -0.477725 -1.652854 
0.611482 0.902218 1.419994 

-2.939606 -1.728203 0.181471 
-2.467122 -2.262261 1.016335 
-3.999513 -1.604922 0.431785 
-2.277047 -0.365031 -0.067677 
-2.398353 0.555959 1.15376 
-1.918734 1.521666 0.964319 
-3.452003 0.742933 1.391499 
-0.830192 -0.551218 -0.553754 
-0.845245 -1.179718 -1.452642 
0.207473 -1.039832 0.477142 
-0.239191 -1.410789 1.408507 
0.820968 -1.843064 0.060084 
1.007682 0.226526 0.677123 
2.491269 0.343773 0.410383 
2.842839 1.222768 0.968431 
-2.879632 -2.372676 -0.704 
-1.939003 0.115574 2.048367 
-0.184887 0.704872 -0.893368 
-0.98208 1.148542 -2.315564 
-1.131355 2.066654 -2.028606 
-2.794265 0.118787 -0.905031 
3.280466 -0.872895 0.939765 
3.043209 -1.784439 0.379862 
4.356695 -0.693887 0.834836 
3.072681 -1.062093 1.999254 
2.808679 0.606148 -1.077256 
2.293675 1.49899 -1.43838 
3.889132 0.737471 -1.212564 
2.48465 -0.231758 -1.704529 
0.586825 0.943968 1.376435 

-2.955571 -1.721972 0.24012 
-2.50828 -2.213728 1.113949 
-4.018932 -1.572236 0.459424 
-2.270279 -0.383148 -0.070971 
-2.404853 0.607219 1.093547 
-1.912026 1.556102 0.85844 
-3.460837 0.816881 1.300061 
-0.815801 -0.612661 -0.514663 
-0.81962 -1.291269 -1.376595 
0.192643 -1.052013 0.564734 
-0.280354 -1.360174 1.506285 
0.804307 -1.88677 0.213457 
1.004926 0.214781 0.711558 
2.490843 0.329791 0.446839 
2.865101 1.121838 1.111182 
-2.88509 -2.416117 -0.606197 
-1.966675 0.21478 2.020541 
-0.147401 0.613772 -0.908112 
-0.910926 0.98226 -2.378466 
-1.036682 1.921386 -2.155354 
-2.763375 0.058756 -0.945187 
3.268214 -0.956762 0.791125 
3.029131 -1.771971 0.098954 
4.345695 -0.771262 0.716825 
3.056095 -1.302398 1.809472 
2.800315 0.778226 -0.999092 
2.306957 1.724819 -1.234055 
3.882396 0.90367 -1.127434 
2.445173 0.038889 -1.723455 
0.572918 0.981155 1.349055 

-2.969702 -1.7144 0.290174 
-2.55487 -2.159901 1.203933 
-4.037174 -1.540891 0.468097 
-2.258889 -0.403333 -0.076206 
-2.41509 0.654421 1.024699 
-1.906311 1.583531 0.748314 
-3.474166 0.884986 1.188877 
-0.794838 -0.672662 -0.461924 
-0.780739 -1.401949 -1.281436 
0.177475 -1.055118 0.669943 
-0.3264 -1.292339 1.615988 
0.783974 -1.920725 0.393518 
1.008807 0.205469 0.760519 
2.49211 0.310421 0.477595 
2.903971 0.994574 1.234876 
-2.882677 -2.45668 -0.512653 
-2.006788 0.313129 1.985131 
-0.10249 0.521161 -0.906093 
-0.814941 0.800554 -2.426403 
-0.908823 1.758214 -2.279394 
-2.719942 -0.007034 -0.988959 
3.243394 -1.027202 0.612559 
2.960961 -1.730357 -0.179457 
4.322733 -0.858355 0.528249 
3.054663 -1.509223 1.578831 
2.78003 0.944728 -0.90275 
2.308178 1.927797 -0.992802 
3.861531 1.065486 -1.039135 
2.385162 0.319056 -1.707296 
0.578864 1.018487 1.339192 

-2.977275 -1.705999 0.341111 
-2.594906 -2.096569 1.293397 
-4.047768 -1.512648 0.474918 
-2.242481 -0.426594 -0.084918 
-2.422253 0.700904 0.940427 
-1.895672 1.605907 0.621066 
-3.483558 0.950125 1.055661 
-0.770008 -0.730425 -0.406909 
-0.737425 -1.507545 -1.180781 
0.164299 -1.053113 0.774222 
-0.370285 -1.219835 1.718172 
0.762734 -1.9441 0.571667 
1.017109 0.196287 0.811221 
2.494582 0.283863 0.502177 
2.952514 0.841165 1.335491 
-2.873649 -2.498211 -0.410401 
-2.047653 0.419025 1.933339 
-0.052975 0.428888 -0.89846 
-0.707274 0.620829 -2.457528 
-0.800005 1.585946 -2.370958 
-2.671157 -0.085746 -1.035211 
3.199286 -1.080358 0.417675 
2.835638 -1.666835 -0.434186 
4.276766 -0.937133 0.280156 
3.055567 -1.674631 1.327408 
2.761877 1.09894 -0.784541 
2.308046 2.09397 -0.724612 
3.841531 1.22332 -0.93103 
2.333662 0.593854 -1.653401 
0.598745 1.048563 1.340814 

-2.977091 -1.698685 0.389242 
-2.622637 -2.031201 1.373789 
-4.049022 -1.49021 0.482549 
-2.22091 -0.453288 -0.096366 
-2.421114 0.73843 0.849559 
-1.87305 1.61654 0.493308 
-3.482602 1.004713 0.913032 
-0.742181 -0.785726 -0.355767 
-0.693142 -1.609227 -1.079204 
0.152486 -1.040508 0.872324 
-0.414517 -1.129905 1.807368 
0.738741 -1.954485 0.752516 
1.026692 0.194464 0.852736 
2.496596 0.255566 0.518303 
3.001814 0.673934 1.406274 
-2.860527 -2.537222 -0.308142 
-2.083099 0.515492 1.869986 
-0.001324 0.336827 -0.896047 
-0.608635 0.452185 -2.475882 
-0.745116 1.414671 -2.425345 
-2.620482 -0.17204 -1.078377 
3.132287 -1.110707 0.220547 
2.678379 -1.571832 -0.664483 
4.202538 -0.991644 0.018852 
3.029193 -1.806535 1.061035 
2.760887 1.230206 -0.651972 
2.331243 2.218397 -0.451059 
3.839729 1.354193 -0.803091 
2.307944 0.849683 -1.570333 
0.624931 1.079757 1.340636 

-2.965987 -1.702473 0.436433 
-2.635987 -1.970195 1.448751 
-4.040922 -1.495112 0.488496 
-2.202697 -0.485124 -0.106097 
-2.430916 0.761257 0.759937 
-1.868619 1.616406 0.37131 
-3.493268 1.031335 0.771764 
-0.71677 -0.825324 -0.3071 
-0.645373 -1.688365 -0.980758 
0.142525 -1.007182 0.960342 
-0.452282 -1.016708 1.881517 
0.711678 -1.939312 0.923997 
1.039154 0.207792 0.879175 
2.501715 0.225133 0.523353 
3.049531 0.496498 1.444571 
-2.827342 -2.582276 -0.203712 
-2.127913 0.599717 1.802647 
0.035358 0.26862 -0.892833 
-0.5383 0.308304 -2.480086 
-0.717535 1.264977 -2.466824 
-2.579235 -0.267103 -1.112942 
3.047274 -1.123475 0.0322 
2.514453 -1.451881 -0.867345 
4.108823 -1.030921 -0.222458 
2.959285 -1.907919 0.792256 
2.790774 1.329526 -0.516892 
2.405717 2.301215 -0.185334 
3.870803 1.43073 -0.674904 
2.311748 1.082096 -1.467733 
0.662321 1.121605 1.334255 

-2.967299 -1.69956 0.491759 
-2.643734 -1.916849 1.518147 
-4.041955 -1.487203 0.52701 
-2.197677 -0.512864 -0.106913 
-2.42854 0.776606 0.692902 
-1.860161 1.609055 0.265782 
-3.489984 1.050223 0.682547 
-0.711171 -0.86584 -0.279345 
-0.635993 -1.762252 -0.907104 
0.136005 -0.9848 1.005187 
-0.468437 -0.942244 1.91876 
0.7002 -1.920836 1.023523 
1.037419 0.219456 0.866646 
2.500307 0.203888 0.522706 
3.053031 0.342176 1.471883 
-2.827468 -2.610696 -0.102655 
-2.134069 0.667759 1.744892 
0.046801 0.196143 -0.918121 
-0.520718 0.156029 -2.500897 
-0.708211 1.110526 -2.536379 
-2.567161 -0.345858 -1.125995 
2.985547 -1.105318 -0.116222 
2.434207 -1.307683 -1.040947 
4.050011 -1.031428 -0.365062 
2.866258 -1.963864 0.553924 
2.843482 1.405872 -0.381164 
2.511955 2.350597 0.066324 
3.925791 1.47064 -0.54139 
2.349779 1.296704 -1.351208 
0.669798 1.153466 1.287396 

-2.958378 -1.713343 0.548961 
-2.636553 -1.875195 1.586124 
-4.036198 -1.515509 0.569233 
-2.203482 -0.546217 -0.10453 
-2.455474 0.77787 0.629513 
-1.898039 1.595595 0.161665 
-3.52075 1.034982 0.603726 
-0.710996 -0.884971 -0.251428 
-0.617416 -1.807165 -0.837909 
0.126995 -0.937583 1.044653 
-0.484536 -0.833151 1.948098 
0.680401 -1.87738 1.124965 
1.040018 0.247497 0.842777 
2.503634 0.183039 0.512629 
3.048176 0.183121 1.477556 
-2.802541 -2.650441 0.000603 
-2.161559 0.726314 1.686019 
0.035154 0.158471 -0.935598 
-0.529209 0.033061 -2.511036 
-0.687265 0.988394 -2.609765 
-2.570216 -0.43451 -1.13193 
2.921057 -1.079132 -0.258122 
2.379552 -1.139726 -1.207589 
3.994945 -1.051067 -0.474048 
2.727331 -1.995507 0.310076 
2.928494 1.451729 -0.251117 
2.656093 2.360713 0.298612 
4.012847 1.465735 -0.408747 
2.435434 1.483712 -1.227987 
0.690494 1.202508 1.230582 

-2.953875 -1.72355 0.609105 
-2.627372 -1.835008 1.651436 
-4.034054 -1.538531 0.623885 
-2.215422 -0.577209 -0.097849 
-2.482468 0.775057 0.57707 
-1.936702 1.577774 0.071128 
-3.55102 1.01718 0.543053 
-0.718908 -0.903388 -0.232093 
-0.613562 -1.848557 -0.77867 
0.120433 -0.891882 1.064393 
-0.490288 -0.737167 1.961009 
0.671186 -1.828083 1.195843 
1.037119 0.277312 0.800241 
2.5036 0.169053 0.497402 
3.017157 0.038593 1.471269 
-2.787602 -2.682115 0.102466 
-2.185217 0.77474 1.633901 
0.012713 0.11871 -0.963542 
-0.5542 -0.087471 -2.527081 
-0.680613 0.864387 -2.68619 
-2.585259 -0.515481 -1.128209 
2.873313 -1.036659 -0.383112 
2.366941 -0.968234 -1.35067 
3.955493 -1.061344 -0.55365 
2.594623 -1.988665 0.081905 
3.021097 1.479476 -0.121328 
2.796796 2.34092 0.519137 
4.106466 1.441454 -0.266587 
2.550928 1.649781 -1.096085 
0.69671 1.250753 1.147807 

-2.960759 -1.716923 0.674009 
-2.626503 -1.78254 1.717748 
-4.040932 -1.531938 0.688736 
-2.228513 -0.602179 -0.087718 
-2.491442 0.77789 0.529951 
-1.95277 1.558773 -0.016195 
-3.56083 1.016443 0.496105 
-0.733037 -0.934019 -0.220201 
-0.632618 -1.902648 -0.725115 
0.119275 -0.86469 1.065942 
-0.481512 -0.677902 1.963366 
0.679658 -1.790749 1.228413 
1.027991 0.29551 0.742236 
2.500463 0.160662 0.480876 
2.967329 -0.089572 1.454876 
-2.797338 -2.69656 0.208428 
-2.183773 0.824644 1.582795 
-0.008691 0.054549 -1.003247 
-0.587118 -0.221603 -2.551007 
-0.711117 0.722412 -2.75302 
-2.606534 -0.585114 -1.11684 
2.85357 -0.975366 -0.496435 
2.407858 -0.785471 -1.476958 
3.941062 -1.052428 -0.60826 
2.489731 -1.947118 -0.144869 
3.097617 1.498621 0.01485 
2.894428 2.29993 0.735303 
4.183766 1.422773 -0.10717 
2.667689 1.793304 -0.949405 
0.681062 1.283154 1.038793 

-2.97655 -1.690395 0.745484 
-2.629704 -1.713061 1.786895 
-4.054243 -1.49202 0.765287 
-2.241658 -0.62012 -0.07517 
-2.478772 0.789135 0.484061 
-1.945759 1.539305 -0.108757 
-3.546551 1.036293 0.46239 
-0.752783 -0.977784 -0.215022 
-0.673945 -1.96967 -0.676785 
0.121821 -0.860014 1.051752 
-0.461003 -0.656274 1.957903 
0.700062 -1.77316 1.226657 
1.013213 0.296849 0.672654 
2.493978 0.155082 0.462862 
2.907157 -0.206225 1.425771 
-2.830154 -2.691862 0.322669 
-2.147655 0.881066 1.526822 
-0.027192 -0.035307 -1.051327 
-0.62971 -0.372589 -2.58055 
-0.760985 0.562861 -2.815313 
-2.634887 -0.643887 -1.098553 
2.860476 -0.896709 -0.602045 
2.47744 -0.599601 -1.582083 
3.949084 -1.009906 -0.661747 
2.436159 -1.878632 -0.36616 
3.148439 1.51167 0.160266 
2.937202 2.242183 0.950137 
4.236194 1.413005 0.074403 
2.771979 1.918539 -0.785954 
0.646361 1.293074 0.90944 

-3.001735 -1.645153 0.815762 
-2.638632 -1.633565 1.851788 
-4.073423 -1.417337 0.843653 
-2.252612 -0.630224 -0.060451 
-2.447267 0.807067 0.440781 
-1.906347 1.518347 -0.191613 
-3.509078 1.079114 0.424194 
-0.775561 -1.031909 -0.206303 
-0.730286 -2.046821 -0.619893 
0.12528 -0.871843 1.03606 
-0.434598 -0.653508 1.95403 
0.720376 -1.773555 1.215252 
0.998364 0.279332 0.601308 
2.487538 0.146808 0.441046 
2.855723 -0.318282 1.375996 
-2.88842 -2.666979 0.433508 
-2.097891 0.934951 1.473751 
-0.040567 -0.149265 -1.097083 
-0.672788 -0.548834 -2.604943 
-0.800768 0.377093 -2.876539 
-2.66144 -0.688334 -1.076422 
2.887118 -0.800071 -0.708776 
2.554217 -0.40043 -1.670493 
3.975829 -0.926925 -0.731209 
2.433482 -1.789751 -0.592148 
3.16788 1.51751 0.308414 
2.933542 2.163651 1.162521 
4.25707 1.412039 0.254065 
2.835471 2.029143 -0.60318 
0.607536 1.279576 0.772912 

-3.022987 -1.598951 0.881869 
-2.650054 -1.545657 1.913101 
-4.089553 -1.347969 0.907879 
-2.261476 -0.642179 -0.047525 
-2.425902 0.820816 0.385526 
-1.874943 1.49077 -0.282357 
-3.482325 1.112429 0.360542 
-0.793414 -1.078922 -0.183691 
-0.771458 -2.114465 -0.544627 
0.122543 -0.870595 1.039053 
-0.422417 -0.619085 1.958101 
0.723065 -1.763949 1.241339 
0.991499 0.260172 0.545968 
2.485239 0.128045 0.41366 
2.82475 -0.446071 1.295426 
-2.934069 -2.639925 0.547902 
-2.068924 0.990108 1.409818 
-0.048338 -0.256968 -1.12196 
-0.700481 -0.724894 -2.60859 
-0.812018 0.188452 -2.926235 
-2.678688 -0.741596 -1.056861 
2.9066 -0.685745 -0.828301 
2.607478 -0.172684 -1.746718 
3.994424 -0.822826 -0.835995 
2.434916 -1.673003 -0.840395 
3.181568 1.497021 0.454406 
2.931555 2.046159 1.369718 
4.270811 1.38447 0.415573 
2.879574 2.113265 -0.401693 
0.59104 1.26562 0.651055 

-3.047857 -1.543435 0.943422 
-2.67134 -1.446063 1.970157 
-4.108658 -1.268258 0.958049 
-2.267702 -0.652026 -0.034235 
-2.399677 0.83423 0.324279 
-1.836477 1.457126 -0.378011 
-3.44961 1.147041 0.28626 
-0.80963 -1.12712 -0.14961 
-0.811403 -2.181274 -0.452679 
0.116188 -0.869564 1.054765 
-0.418498 -0.575886 1.967739 
0.715169 -1.75596 1.28924 
0.988422 0.232271 0.503657 
2.484832 0.100969 0.380818 
2.812366 -0.582394 1.182913 
-2.982454 -2.601709 0.662696 
-2.036289 1.047051 1.338083 
-0.049741 -0.374149 -1.131485 
-0.714288 -0.92094 -2.593705 
-0.787153 -0.027247 -2.972635 
-2.688677 -0.793466 -1.036947 
2.92013 -0.542333 -0.954586 
2.641888 0.095634 -1.799288 
4.007641 -0.683157 -0.965119 
2.438919 -1.511595 -1.108882 
3.184355 1.453247 0.596872 
2.926982 1.887819 1.569781 
4.273614 1.341449 0.554496 
2.892456 2.170454 -0.180543 
0.584504 1.241129 0.540486 

-3.07083 -1.488967 0.995832 
-2.698982 -1.342005 2.018381 
-4.127115 -1.19674 0.988141 
-2.270299 -0.66486 -0.023501 
-2.380827 0.840829 0.251306 
-1.805303 1.414505 -0.482205 
-3.425591 1.167112 0.190975 
-0.818996 -1.167978 -0.102174 
-0.835167 -2.238346 -0.341283 
0.106149 -0.851064 1.087254 
-0.428429 -0.503764 1.981363 
0.698327 -1.727207 1.37129 
0.989398 0.212154 0.478435 
2.483529 0.067498 0.33788 
2.807126 -0.725679 1.030031 
-3.020743 -2.56182 0.773399 
-2.01792 1.103992 1.253398 
-0.043819 -0.48655 -1.12197 
-0.701915 -1.127279 -2.554149 
-0.730958 -0.264682 -3.00432 
-2.686387 -0.854889 -1.020231 
2.90763 -0.368834 -1.08293 
2.63617 0.397451 -1.817282 
3.994126 -0.513023 -1.120474 
2.411895 -1.29525 -1.380293 
3.197927 1.374369 0.731059 
2.949353 1.68097 1.753838 
4.285927 1.257581 0.66915 
2.910834 2.189962 0.055588 
0.592906 1.224356 0.449476 

-3.082641 -1.44439 1.043244 
-2.722979 -1.231376 2.058499 
-4.139065 -1.155186 1.004529 
-2.271131 -0.685687 -0.01725 
-2.380478 0.834266 0.163608 
-1.795634 1.360406 -0.597629 
-3.423654 1.158502 0.072438 
-0.820011 -1.194307 -0.052357 
-0.835121 -2.277449 -0.224625 
0.095633 -0.804752 1.122532 
-0.448221 -0.396512 1.984373 
0.678679 -1.663221 1.471558 
0.993109 0.212462 0.456428 
2.47925 0.036559 0.285113 
2.786104 -0.856089 0.849331 
-3.02877 -2.529213 0.890598 
-2.027087 1.157867 1.15148 
-0.036341 -0.577419 -1.105261 
-0.674191 -1.309229 -2.500869 
-0.702871 -0.476664 -3.004471 
-2.678286 -0.936003 -1.004382 
2.87911 -0.184778 -1.191347 
2.613605 0.690262 -1.796362 
3.96292 -0.334004 -1.267214 
2.363885 -1.048569 -1.615518 
3.231605 1.259315 0.850915 
2.999408 1.428296 1.908976 
4.31554 1.122945 0.761606 
2.962139 2.167507 0.297628 
0.613506 1.228304 0.370418 

-3.078633 -1.408209 1.093194 
-2.73223 -1.115459 2.093086 
-4.139395 -1.141196 1.025021 
-2.270545 -0.714191 -0.013209 
-2.398534 0.813092 0.061868 
-1.81216 1.292654 -0.728328 
-3.44437 1.118098 -0.060148 
-0.8133 -1.205548 -0.007619 
-0.813299 -2.297197 -0.114261 
0.087107 -0.734713 1.150419 
-0.471333 -0.266221 1.970572 
0.662152 -1.566658 1.56998 
0.996695 0.233531 0.42931 
2.470381 0.014014 0.226803 
2.739083 -0.960728 0.656589 
-3.005037 -2.500175 1.020393 
-2.057962 1.208294 1.028059 
-0.029269 -0.643213 -1.090721 
-0.646042 -1.451219 -2.445544 
-0.723158 -0.6409 -2.979425 
-2.669886 -1.036786 -0.982504 
2.851578 -0.003642 -1.269352 
2.598104 0.9531 -1.742632 
3.931178 -0.159598 -1.382135 
2.315003 -0.793045 -1.799198 
3.274827 1.114475 0.955003 
3.052059 1.142941 2.028068 
4.351771 0.945491 0.838763 
3.043736 2.101663 0.53628 
0.639491 1.25319 0.297654 

-3.053109 -1.407341 1.145186 
-2.7172 -1.036914 2.122642 
-4.123949 -1.18847 1.064358 
-2.275637 -0.754393 -0.007205 
-2.470211 0.767544 -0.036008 
-1.894659 1.218742 -0.850556 
-3.526629 1.018056 -0.187164 
-0.7979 -1.17711 0.031041 
-0.74643 -2.272081 -0.009949 
0.070878 -0.597958 1.16663 
-0.514697 -0.050145 1.914384 
0.626434 -1.385175 1.687535 
1.00512 0.299436 0.388102 
2.45896 -0.00139 0.166631 
2.647931 -1.039647 0.471088 
-2.935258 -2.497858 1.142564 
-2.157951 1.240545 0.904122 
-0.033786 -0.646284 -1.083035 
-0.626163 -1.524215 -2.393051 
-0.767965 -0.737482 -2.948489 
-2.659616 -1.15904 -0.95153 
2.850543 0.144258 -1.317498 
2.66208 1.16651 -1.669571 
3.918745 -0.063718 -1.451978 
2.271372 -0.542369 -1.938623 
3.332261 0.933058 1.036491 
3.101614 0.832572 2.103525 
4.395569 0.703679 0.89811 
3.175968 1.981627 0.755069 
0.691698 1.327406 0.213167 

-3.035218 -1.375852 1.197799 
-2.693167 -0.953814 2.151862 
-4.108825 -1.170964 1.116969 
-2.275034 -0.774529 0.006495 
-2.489111 0.741594 -0.099589 
-1.922312 1.157999 -0.938508 
-3.549269 0.970221 -0.259019 
-0.791951 -1.177333 0.055406 
-0.727669 -2.272214 0.071147 
0.075024 -0.52873 1.155944 
-0.514222 0.057062 1.870789 
0.635177 -1.281705 1.721189 
1.00026 0.32696 0.32405 
2.447597 0.003387 0.106251 
2.590957 -1.06827 0.300343 
-2.906938 -2.464013 1.248643 
-2.179909 1.266356 0.813593 
-0.041961 -0.69783 -1.092624 
-0.641351 -1.637075 -2.347676 
-0.817676 -0.878262 -2.931319 
-2.66151 -1.232417 -0.912066 
2.876077 0.292209 -1.343261 
2.733061 1.352459 -1.589443 
3.937631 0.057638 -1.485344 
2.285829 -0.305481 -2.042312 
3.327009 0.796378 1.102166 
3.058127 0.581313 2.142928 
4.384907 0.540627 0.967131 
3.219664 1.876189 0.942104 
0.692815 1.349941 0.112338 

-3.027348 -1.322217 1.247858 
-2.67233 -0.860749 2.178645 
-4.099726 -1.110672 1.1675 
-2.273028 -0.782947 0.023625 
-2.475358 0.728629 -0.149711 
-1.916384 1.100872 -1.01426 
-3.535543 0.959162 -0.30626 
-0.793248 -1.197499 0.07736 
-0.739535 -2.290891 0.144617 
0.090079 -0.504748 1.13785 
-0.488203 0.098846 1.846898 
0.669379 -1.235075 1.713429 
0.987023 0.326904 0.254448 
2.437508 0.017976 0.04502 
2.563757 -1.070318 0.128526 
-2.908779 -2.408156 1.346982 
-2.150008 1.292162 0.734369 
-0.051613 -0.781696 -1.101442 
-0.670355 -1.783588 -2.294791 
-0.843234 -1.058402 -2.920631 
-2.672006 -1.278809 -0.869491 
2.905039 0.45198 -1.352823 
2.783312 1.534592 -1.488744 
3.965244 0.21513 -1.499732 
2.323461 -0.058759 -2.125323 
3.293582 0.681393 1.150408 
2.983736 0.358944 2.151145 
4.351 0.41908 1.02427 
3.211087 1.774326 1.107111 
0.660505 1.336375 0.009133 

-3.021155 -1.267453 1.295108 
-2.652082 -0.772149 2.202786 
-4.091876 -1.04701 1.216114 
-2.273363 -0.787827 0.042357 
-2.461513 0.717409 -0.191387 
-1.912586 1.0466 -1.079516 
-3.521414 0.953449 -0.341548 
-0.797958 -1.217588 0.097955 
-0.756749 -2.307335 0.214177 
0.107089 -0.487964 1.114455 
-0.454094 0.133429 1.822106 
0.70638 -1.198943 1.693447 
0.973494 0.318333 0.179807 
2.431481 0.036451 -0.014656 
2.554326 -1.055883 -0.036016 
-2.913759 -2.349667 1.437893 
-2.116308 1.313797 0.663221 
-0.066676 -0.865774 -1.108306 
-0.706516 -1.926284 -2.238615 
-0.856263 -1.23853 -2.910922 
-2.686828 -1.315559 -0.825548 
2.940626 0.605364 -1.346146 
2.83474 1.69778 -1.373209 
4.001002 0.369936 -1.492797 
2.37528 0.185975 -2.183917 
3.252995 0.573047 1.182208 
2.906481 0.150202 2.132031 
4.312057 0.313521 1.064791 
3.180378 1.665318 1.252068 
0.620824 1.309198 -0.101954 

-3.018925 -1.211955 1.335682 
-2.638182 -0.685213 2.220577 
-4.087592 -0.982259 1.254923 
-2.274884 -0.791196 0.059701 
-2.449504 0.70542 -0.232465 
-1.9076 0.992816 -1.139231 
-3.508462 0.946782 -0.380855 
-0.804069 -1.235504 0.121456 
-0.774824 -2.31916 0.287211 
0.121552 -0.47152 1.092749 
-0.421679 0.172812 1.794167 
0.734898 -1.164159 1.678641 
0.962307 0.303328 0.109229 
2.429934 0.057027 -0.070217 
2.559729 -1.028194 -0.197146 
-2.922951 -2.288777 1.520749 
-2.088834 1.331797 0.593943 
-0.080996 -0.948957 -1.10694 
-0.737902 -2.063763 -2.175165 
-0.860313 -1.416645 -2.891858 
-2.700246 -1.348631 -0.783553 
2.970236 0.756221 -1.324096 
2.870919 1.846337 -1.240203 
4.031734 0.529083 -1.474458 
2.421889 0.431871 -2.214463 
3.220485 0.463303 1.196463 
2.852458 -0.057051 2.087395 
4.28196 0.215313 1.077187 
3.146422 1.542314 1.380198 
0.580453 1.270406 -0.213633 

-3.019464 -1.154599 1.369256 
-2.632991 -0.590687 2.228388 
-4.086995 -0.922324 1.281306 
-2.277048 -0.795959 0.073412 
-2.444259 0.687438 -0.283243 
-1.906756 0.931785 -1.205139 
-3.502676 0.928657 -0.435816 
-0.80911 -1.247098 0.150009 
-0.787324 -2.321886 0.36675 
0.128419 -0.446419 1.078847 
-0.402789 0.226748 1.76251 
0.746421 -1.118464 1.682391 
0.954266 0.288441 0.052138 
2.430855 0.077764 -0.120034 
2.569681 -0.988 -0.360242 
-2.929207 -2.222476 1.60247 
-2.074982 1.346942 0.513146 
-0.088421 -1.024521 -1.092793 
-0.753469 -2.19163 -2.102593 
-0.858078 -1.584885 -2.856446 
-2.708825 -1.387482 -0.742948 
2.985967 0.906607 -1.285168 
2.887428 1.981486 -1.085043 
4.048355 0.694072 -1.449015 
2.447728 0.683406 -2.212568 
3.207758 0.341017 1.191161 
2.837581 -0.277174 2.015382 
4.270665 0.111244 1.051808 
3.129453 1.39235 1.495131 
0.54583 1.227492 -0.317069 

-3.018722 -1.099429 1.40106 
-2.635945 -0.486006 2.227315 
-4.088182 -0.881048 1.30203 
-2.280362 -0.806858 0.086385 
-2.457345 0.654039 -0.34927 
-1.925142 0.851012 -1.285451 
-3.517723 0.881259 -0.509589 
-0.809447 -1.243139 0.185245 
-0.780392 -2.305649 0.455514 
0.123305 -0.391943 1.072945 
-0.410678 0.318308 1.716107 
0.736556 -1.029114 1.716221 
0.949497 0.290298 0.009584 
2.431172 0.095076 -0.167165 
2.566029 -0.935452 -0.533561 
-2.91959 -2.152085 1.692586 
-2.088033 1.357273 0.408766 
-0.088368 -1.077363 -1.06561 
-0.747954 -2.298644 -2.019898 
-0.846118 -1.731131 -2.804567 
-2.709371 -1.444239 -0.696185 
2.996056 1.051825 -1.225869 
2.905562 2.096161 -0.9001 
4.056775 0.851174 -1.413064 
2.459083 0.945878 -2.174952 
3.213831 0.191428 1.161788 
2.859508 -0.533737 1.900737 
4.276969 -0.008254 0.984627 
3.130904 1.192643 1.603101 
0.526138 1.199562 -0.412741 

'WARNING: The zero of the relative energy is arbitrary minimum'

0	0.0
10	35.6490448713
20	179.308798537
30	421.802807078
40	722.498854205
50	986.513228267
60	1129.64141434
70	1107.64851995
80	967.926799625
90	771.557360113
100	589.252952322
110	463.896944001
120	390.90626587
130	384.383260369
140	456.481115684
150	639.166092455
160	914.518964946
170	1193.47758612
180	1355.45381458
190	1322.78238201
200	1125.5659899
210	841.254162982
220	564.558105752
230	383.180100426
240	286.8243725
250	257.373510644
260	288.142537132
270	372.585182056
280	515.381083548
290	689.056187764
300	819.571386263
310	831.284966826
320	694.430902004
330	470.348839745
340	233.349159092
350	68.5019829571
360	1.29885084927
370	33.6641163081
380	170.976224676
390	417.424068719
400	728.613197953






