TS_3e_35_7_14_26_1_scan_b3631gd
Calculated at [      ] level of theory      

30               !Number of atoms in the molecule

0, 41, 10.0       ! Minumum angle, No. of Points and Stepsize (in degrees)

12.011
1.008
1.008
12.011
12.011
1.008
1.008
12.011
1.008
12.011
1.008
1.008
12.011
12.011
1.008
1.008
1.008
15.999
15.999
1.008
1.008
12.011
1.008
1.008
1.008
12.011
1.008
1.008
1.008
1.008

-3.235611 -1.147445 -0.553171 
-2.808061 -2.155189 -0.470176 
-4.21978 -1.170556 -0.071359 
-2.333359 -0.092202 0.103182 
-2.149876 -0.354104 1.604073 
-1.489854 0.394846 2.053296 
-3.1147 -0.309985 2.12257 
-1.004722 0.033454 -0.660925 
-1.225483 0.270221 -1.708681 
-0.005466 -1.135424 -0.524272 
-0.442107 -2.020958 -0.047553 
0.387438 -1.439294 -1.500765 
1.068943 -0.484137 0.310982 
2.426936 -0.152793 -0.226126 
2.313752 0.094647 -1.290743 
-3.391504 -0.93719 -1.618321 
-1.723282 -1.346545 1.800571 
-0.152688 1.084887 -0.130493 
-0.96229 2.4781 -0.596929 
-0.93167 2.883298 0.287543 
-2.814748 0.886787 -0.009791 
3.031098 1.064152 0.490671 
3.154704 0.866944 1.563534 
4.018399 1.306995 0.080922 
2.382117 1.936793 0.374475 
3.359114 -1.383822 -0.122893 
2.945396 -2.24956 -0.652786 
4.339907 -1.15861 -0.559016 
3.514923 -1.671178 0.924159 
0.970488 -0.540286 1.394007 

-3.237519 -1.14681 -0.546478 
-2.810455 -2.154807 -0.464043 
-4.220562 -1.169032 -0.062334 
-2.332995 -0.091912 0.107293 
-2.146279 -0.353316 1.607885 
-1.484935 0.39549 2.055407 
-3.109929 -0.308539 2.128502 
-1.006121 0.03246 -0.660053 
-1.229243 0.268693 -1.707421 
-0.006829 -1.136493 -0.524963 
-0.442875 -2.0227 -0.048894 
0.385548 -1.439047 -1.501993 
1.068075 -0.485714 0.310198 
2.426816 -0.156381 -0.224551 
2.316235 0.08289 -1.291454 
-3.395785 -0.936909 -1.611345 
-1.71973 -1.345894 1.803795 
-0.152045 1.083603 -0.132284 
-0.961491 2.477434 -0.597802 
-0.929194 2.882793 0.286546 
-2.813966 0.887369 -0.004993 
3.031188 1.071719 0.473515 
3.171299 0.887598 1.546847 
4.010756 1.315909 0.046886 
2.374468 1.938511 0.357038 
3.362035 -1.385667 -0.113878 
3.020819 -2.202815 -0.760235 
4.384288 -1.123922 -0.410926 
3.387681 -1.772162 0.912435 
0.968756 -0.540504 1.393285 

-3.239437 -1.146932 -0.538591 
-2.812756 -2.155008 -0.455122 
-4.221495 -1.167697 -0.052385 
-2.332997 -0.091308 0.111336 
-2.143124 -0.350253 1.611962 
-1.480806 0.39923 2.056899 
-3.105678 -0.304552 2.134525 
-1.007845 0.031224 -0.659264 
-1.233362 0.265892 -1.706469 
-0.008491 -1.137684 -0.52479 
-0.444026 -2.024078 -0.048529 
0.383078 -1.439804 -1.502158 
1.06714 -0.486836 0.309601 
2.426563 -0.159668 -0.223497 
2.317017 0.074106 -1.291634 
-3.399786 -0.938963 -1.603525 
-1.716236 -1.34255 1.808579 
-0.151965 1.082702 -0.135171 
-0.961399 2.476358 -0.601428 
-0.92743 2.883019 0.282258 
-2.813823 0.887985 -0.001542 
3.030179 1.07791 0.45924 
3.182588 0.90516 1.532902 
4.003774 1.322533 0.019694 
2.367505 1.939969 0.341333 
3.366159 -1.388761 -0.10726 
3.116417 -2.144899 -0.860829 
4.412801 -1.099199 -0.253474 
3.268147 -1.87608 0.870539 
0.967303 -0.539973 1.392788 

-3.242334 -1.145187 -0.530739 
-2.816545 -2.153641 -0.447261 
-4.223276 -1.164399 -0.042218 
-2.333225 -0.089898 0.115986 
-2.140177 -0.347512 1.616441 
-1.476091 0.401732 2.059141 
-3.10149 -0.300339 2.141156 
-1.009763 0.030364 -0.657873 
-1.237592 0.263833 -1.704851 
-0.011148 -1.139284 -0.524385 
-0.44677 -2.025056 -0.046994 
0.378287 -1.442064 -1.502277 
1.066844 -0.489206 0.307827 
2.426354 -0.164374 -0.226005 
2.316247 0.061806 -1.295379 
-3.404954 -0.938109 -1.595502 
-1.713821 -1.340038 1.813055 
-0.151637 1.08166 -0.137287 
-0.96054 2.475488 -0.603056 
-0.925087 2.882619 0.280356 
-2.813263 0.889798 0.003201 
3.026027 1.083528 0.442168 
3.184104 0.923037 1.516949 
3.996446 1.327519 -0.004573 
2.358688 1.941045 0.317826 
3.372937 -1.392589 -0.099458 
3.237806 -2.077305 -0.944749 
4.423881 -1.084329 -0.081204 
3.15969 -1.975945 0.80445 
0.968413 -0.541308 1.391245 

-3.24481 -1.145026 -0.521519 
-2.819322 -2.153481 -0.436491 
-4.224694 -1.16255 -0.030813 
-2.333782 -0.088563 0.120559 
-2.137804 -0.342338 1.621292 
-1.472414 0.407684 2.060707 
-3.098024 -0.293314 2.147842 
-1.01186 0.028867 -0.656383 
-1.24188 0.25894 -1.70365 
-0.01349 -1.140885 -0.521382 
-0.448818 -2.024703 -0.040073 
0.373199 -1.447245 -1.499189 
1.06725 -0.489142 0.306145 
2.42607 -0.167492 -0.231788 
2.312396 0.053954 -1.301307 
-3.409655 -0.940493 -1.586433 
-1.711556 -1.334569 1.819616 
-0.152509 1.081701 -0.141179 
-0.962067 2.473771 -0.609026 
-0.924576 2.883583 0.273053 
-2.813527 0.891089 0.006168 
3.022965 1.085944 0.428824 
3.179467 0.932013 1.504758 
3.993904 1.328003 -0.017927 
2.354986 1.941965 0.297843 
3.378232 -1.396935 -0.098115 
3.377826 -1.993221 -1.017477 
4.409404 -1.083994 0.097269 
3.061374 -2.07325 0.704678 
0.971726 -0.53847 1.389985 

-3.243274 -1.153255 -0.509916 
-2.816303 -2.16003 -0.413257 
-4.224083 -1.167176 -0.020939 
-2.335318 -0.088358 0.122489 
-2.140422 -0.326275 1.625899 
-1.4776 0.430065 2.058272 
-3.101384 -0.274622 2.150854 
-1.012567 0.023957 -0.653831 
-1.241701 0.244553 -1.703355 
-0.013579 -1.144161 -0.508092 
-0.448092 -2.022026 -0.015347 
0.370113 -1.462282 -1.483344 
1.06944 -0.483666 0.309618 
2.424791 -0.163668 -0.239027 
2.299982 0.06702 -1.304873 
-3.406427 -0.960481 -1.57729 
-1.711556 -1.315202 1.83479 
-0.155394 1.082562 -0.147114 
-0.967214 2.468199 -0.627916 
-0.927745 2.887858 0.249413 
-2.817044 0.889024 -0.002405 
3.026683 1.081497 0.431926 
3.177535 0.917155 1.507017 
4.001008 1.322294 -0.00838 
2.364324 1.942586 0.305155 
3.376847 -1.400151 -0.120547 
3.522292 -1.880086 -1.094273 
4.362376 -1.108296 0.25772 
2.972408 -2.168613 0.548471 
0.979919 -0.526578 1.394269 

-3.241207 -1.162658 -0.496167 
-2.812234 -2.167395 -0.387867 
-4.222379 -1.173154 -0.00783 
-2.336064 -0.088748 0.124903 
-2.140704 -0.309882 1.630773 
-1.48046 0.453264 2.055018 
-3.101936 -0.255855 2.155006 
-1.013302 0.018491 -0.652169 
-1.242647 0.22874 -1.70379 
-0.013051 -1.147316 -0.495678 
-0.445916 -2.018945 0.009384 
0.36726 -1.477753 -1.468236 
1.072237 -0.476818 0.310839 
2.423735 -0.15843 -0.249929 
2.28787 0.081651 -1.312021 
-3.40393 -0.982271 -1.565774 
-1.708518 -1.295047 1.850292 
-0.158291 1.08349 -0.155534 
-0.973328 2.462075 -0.649744 
-0.93103 2.892325 0.222297 
-2.820223 0.886009 -0.010524 
3.030962 1.074992 0.436851 
3.171676 0.895861 1.510775 
4.010854 1.314502 0.007864 
2.376489 1.942883 0.315039 
3.371757 -1.40149 -0.146404 
3.67722 -1.754065 -1.13691 
4.280647 -1.156548 0.414132 
2.894001 -2.244814 0.365161 
0.988524 -0.511251 1.396231 

-3.239197 -1.169216 -0.487616 
-2.80975 -2.17259 -0.369058 
-4.22195 -1.176218 -0.002408 
-2.337032 -0.088994 0.126779 
-2.145735 -0.296466 1.635065 
-1.487708 0.471345 2.054296 
-3.108516 -0.239196 2.156099 
-1.01183 0.01242 -0.646884 
-1.237732 0.214172 -1.700936 
-0.012289 -1.152587 -0.478139 
-0.444657 -2.015729 0.041564 
0.36358 -1.498413 -1.447198 
1.077104 -0.472701 0.314804 
2.422448 -0.154591 -0.2625 
2.273362 0.089094 -1.321951 
-3.398596 -0.998431 -1.559304 
-1.71272 -1.278968 1.864529 
-0.158829 1.08179 -0.156202 
-0.974437 2.455728 -0.661254 
-0.931709 2.893198 0.207166 
-2.821691 0.884042 -0.018694 
3.035787 1.070548 0.432881 
3.168954 0.882041 1.50599 
4.020141 1.306585 0.01179 
2.388589 1.944226 0.313351 
3.367275 -1.399086 -0.17072 
3.827648 -1.627252 -1.137383 
4.175258 -1.218255 0.547688 
2.840231 -2.296263 0.173228 
1.002017 -0.49839 1.401003 

-3.240437 -1.170177 -0.476409 
-2.811167 -2.173485 -0.356646 
-4.221571 -1.175333 0.012084 
-2.335668 -0.08885 0.132159 
-2.139731 -0.292366 1.640413 
-1.480268 0.476387 2.055644 
-3.100898 -0.233528 2.164238 
-1.01288 0.009673 -0.64599 
-1.241914 0.208439 -1.699929 
-0.01331 -1.15529 -0.476752 
-0.444166 -2.016183 0.047913 
0.358942 -1.505081 -1.445866 
1.079127 -0.472721 0.30942 
2.422285 -0.156243 -0.275015 
2.270981 0.078715 -1.336328 
-3.403299 -1.002086 -1.547998 
-1.706213 -1.274348 1.871133 
-0.157894 1.080087 -0.161054 
-0.97432 2.45325 -0.667209 
-0.928902 2.892789 0.200039 
-2.820215 0.884078 -0.014402 
3.034128 1.070351 0.418845 
3.15326 0.886785 1.494312 
4.024813 1.300101 0.008828 
2.392538 1.946305 0.286739 
3.364777 -1.39673 -0.172572 
3.973498 -1.516487 -1.074736 
4.047928 -1.28614 0.678204 
2.810623 -2.326178 0.00101 
1.007967 -0.493891 1.395913 

-3.239991 -1.172528 -0.470729 
-2.811396 -2.17547 -0.345616 
-4.222112 -1.175065 0.015788 
-2.336019 -0.088829 0.134802 
-2.142893 -0.285585 1.644295 
-1.484083 0.484941 2.057274 
-3.105006 -0.224338 2.166094 
-1.011633 0.005431 -0.641064 
-1.238189 0.200424 -1.69625 
-0.013514 -1.159956 -0.46537 
-0.444095 -2.015393 0.068254 
0.355262 -1.518981 -1.432519 
1.082447 -0.472911 0.311719 
2.421394 -0.157082 -0.283034 
2.264608 0.071481 -1.345319 
-3.400619 -1.009147 -1.543385 
-1.709842 -1.266517 1.880197 
-0.15635 1.076804 -0.158506 
-0.971614 2.449363 -0.668737 
-0.926439 2.890996 0.197471 
-2.819897 0.883609 -0.017037 
3.037808 1.070546 0.404562 
3.158049 0.890839 1.480502 
4.02849 1.296716 -0.007609 
2.398041 1.947437 0.270089 
3.361918 -1.392788 -0.179199 
4.089465 -1.412272 -0.997661 
3.920774 -1.363847 0.764429 
2.805797 -2.33726 -0.176097 
1.017655 -0.488771 1.398643 

-3.242752 -1.170318 -0.463156 
-2.81545 -2.173992 -0.339488 
-4.223397 -1.171282 0.026328 
-2.335163 -0.088219 0.139818 
-2.138096 -0.28545 1.648758 
-1.477082 0.484071 2.060093 
-3.09868 -0.222909 2.173207 
-1.012943 0.00379 -0.639946 
-1.242219 0.198623 -1.694563 
-0.015609 -1.162558 -0.466297 
-0.445583 -2.017797 0.068155 
0.350887 -1.521624 -1.434347 
1.082415 -0.476236 0.308385 
2.421166 -0.162586 -0.287405 
2.268095 0.051282 -1.353679 
-3.406339 -1.006474 -1.535289 
-1.705806 -1.267037 1.883323 
-0.154558 1.074053 -0.16029 
-0.968983 2.448301 -0.668335 
-0.922407 2.888919 0.198326 
-2.817817 0.885057 -0.010587 
3.036572 1.074171 0.384418 
3.159848 0.908268 1.462283 
4.025693 1.297209 -0.033073 
2.394334 1.947748 0.24097 
3.362146 -1.390805 -0.167281 
4.189478 -1.326299 -0.882822 
3.793044 -1.44141 0.840563 
2.828526 -2.334778 -0.327463 
1.018692 -0.489875 1.395381 

-3.244247 -1.171593 -0.454961 
-2.817018 -2.17507 -0.329444 
-4.22391 -1.170929 0.036481 
-2.335131 -0.088169 0.143325 
-2.135102 -0.281606 1.652379 
-1.473416 0.489011 2.060567 
-3.094683 -0.217872 2.178512 
-1.014549 0.00144 -0.639461 
-1.245976 0.193614 -1.694086 
-0.016865 -1.164321 -0.464659 
-0.445815 -2.019208 0.071208 
0.349368 -1.524313 -1.432476 
1.081298 -0.476289 0.308146 
2.420677 -0.165662 -0.286769 
2.271355 0.040401 -1.355492 
-3.409915 -1.010569 -1.527198 
-1.702255 -1.262564 1.888534 
-0.154639 1.072564 -0.164318 
-0.969539 2.446234 -0.674458 
-0.92161 2.888728 0.191181 
-2.817853 0.88484 -0.008605 
3.039652 1.076252 0.372028 
3.175947 0.918503 1.44968 
4.022932 1.299365 -0.058658 
2.392862 1.946778 0.230598 
3.359381 -1.391044 -0.160287 
4.264554 -1.251544 -0.762766 
3.668059 -1.532487 0.883048 
2.867256 -2.316473 -0.481229 
1.017196 -0.486172 1.395168 

-3.24465 -1.174436 -0.449019 
-2.817017 -2.177214 -0.319349 
-4.224558 -1.172305 0.041925 
-2.336339 -0.088226 0.145457 
-2.136732 -0.275838 1.655294 
-1.475917 0.496898 2.060874 
-3.096577 -0.211043 2.180816 
-1.015557 -0.001087 -0.637234 
-1.246738 0.187194 -1.692617 
-0.017539 -1.165788 -0.457918 
-0.445861 -2.018974 0.081154 
0.348966 -1.529162 -1.424352 
1.080413 -0.474528 0.312276 
2.420034 -0.167713 -0.282697 
2.271926 0.033671 -1.352761 
-3.409852 -1.017711 -1.521965 
-1.703069 -1.255505 1.895246 
-0.155756 1.071855 -0.16583 
-0.971383 2.443739 -0.680388 
-0.92337 2.889068 0.183792 
-2.819541 0.883928 -0.010338 
3.045925 1.078507 0.361245 
3.203582 0.927466 1.43713 
4.019536 1.303149 -0.089642 
2.392835 1.945696 0.228284 
3.355994 -1.393825 -0.157569 
4.319303 -1.191078 -0.640988 
3.551635 -1.632177 0.895114 
2.922136 -2.283045 -0.6293 
1.016184 -0.479673 1.399347 

-3.247589 -1.173292 -0.44253 
-2.820606 -2.176325 -0.312683 
-4.22655 -1.169787 0.05029 
-2.337161 -0.0873 0.149113 
-2.135024 -0.273589 1.658787 
-1.472919 0.499019 2.06251 
-3.093893 -0.207558 2.185934 
-1.017817 -0.002262 -0.636204 
-1.25093 0.184496 -1.691432 
-0.01999 -1.167061 -0.456919 
-0.448108 -2.02041 0.082109 
0.346267 -1.530182 -1.423467 
1.078351 -0.475946 0.312982 
2.41941 -0.173142 -0.279416 
2.274571 0.01916 -1.351705 
-3.414698 -1.017477 -1.51531 
-1.701704 -1.253371 1.89889 
-0.156271 1.07079 -0.168204 
-0.971757 2.442656 -0.683158 
-0.922934 2.888599 0.180663 
-2.81978 0.885126 -0.006824 
3.046803 1.082524 0.344885 
3.223181 0.943842 1.419715 
4.011241 1.307847 -0.124516 
2.385977 1.94418 0.214198 
3.357264 -1.398171 -0.146912 
4.364727 -1.142304 -0.497837 
3.439784 -1.728503 0.895422 
3.005362 -2.24107 -0.752439 
1.012806 -0.478644 1.400046 

-3.251495 -1.171176 -0.433991 
-2.825744 -2.174719 -0.304023 
-4.228961 -1.165391 0.061765 
-2.337549 -0.085834 0.153401 
-2.131153 -0.270565 1.662703 
-1.467095 0.501819 2.063636 
-3.088411 -0.202946 2.192574 
-1.02059 -0.003651 -0.636196 
-1.256901 0.181718 -1.690954 
-0.023245 -1.169022 -0.458316 
-0.451299 -2.022852 0.080075 
0.342229 -1.531029 -1.425434 
1.076015 -0.479051 0.311488 
2.418559 -0.179071 -0.278059 
2.27585 0.006114 -1.351806 
-3.421564 -1.016576 -1.506479 
-1.698149 -1.250533 1.902635 
-0.156339 1.069087 -0.172601 
-0.971048 2.44122 -0.687993 
-0.920514 2.888163 0.175211 
-2.819221 0.887118 -0.002285 
3.043713 1.086186 0.32979 
3.231389 0.960137 1.404397 
4.002118 1.311224 -0.151638 
2.376586 1.942572 0.196596 
3.361513 -1.40293 -0.137788 
4.397342 -1.102707 -0.339838 
3.33047 -1.828473 0.871918 
3.112441 -2.18696 -0.861343 
1.009066 -0.48003 1.398543 

-3.253576 -1.171128 -0.426178 
-2.828221 -2.174518 -0.293743 
-4.230505 -1.163373 0.070607 
-2.338416 -0.084543 0.157032 
-2.130141 -0.265211 1.666561 
-1.465528 0.508199 2.064579 
-3.08673 -0.196158 2.197457 
-1.022457 -0.005173 -0.6345 
-1.260153 0.177466 -1.689433 
-0.025556 -1.170691 -0.455111 
-0.453443 -2.022846 0.08608 
0.337948 -1.535277 -1.42187 
1.075699 -0.479852 0.311335 
2.417977 -0.182805 -0.279896 
2.272844 -0.001795 -1.353729 
-3.424709 -1.019581 -1.498933 
-1.696849 -1.244546 1.908542 
-0.156958 1.068308 -0.175117 
-0.971693 2.43935 -0.692525 
-0.91988 2.888324 0.169543 
-2.819923 0.88816 -0.000714 
3.041959 1.089278 0.315539 
3.238265 0.971817 1.389625 
3.995786 1.314054 -0.174865 
2.370556 1.942118 0.180978 
3.365649 -1.408071 -0.135724 
4.411771 -1.07976 -0.174474 
3.221399 -1.933338 0.815167 
3.232476 -2.118253 -0.958801 
1.010422 -0.478309 1.398553 

-3.254975 -1.172021 -0.416851 
-2.829684 -2.175015 -0.281231 
-4.231175 -1.162121 0.081326 
-2.338709 -0.083425 0.160845 
-2.12823 -0.258353 1.670745 
-1.462967 0.516503 2.064831 
-3.084036 -0.187272 2.202786 
-1.023875 -0.00739 -0.632888 
-1.263123 0.171045 -1.688202 
-0.027052 -1.172602 -0.45052 
-0.454421 -2.02175 0.09578 
0.333592 -1.542137 -1.416412 
1.076745 -0.479221 0.310205 
2.417499 -0.184567 -0.285898 
2.267203 -0.005685 -1.358933 
-3.427626 -1.024509 -1.489925 
-1.694598 -1.236772 1.915777 
-0.157695 1.067886 -0.17918 
-0.973176 2.436547 -0.700049 
-0.919817 2.888833 0.160186 
-2.820273 0.888755 9.3e-05 
3.039442 1.091413 0.303701 
3.235287 0.978462 1.378309 
3.993331 1.314999 -0.187204 
2.367303 1.942998 0.16483 
3.370298 -1.411825 -0.138678 
4.404227 -1.073977 0.001765 
3.113224 -2.038343 0.722663 
3.366353 -2.034211 -1.039543 
1.014942 -0.474402 1.397661 

-3.253222 -1.177509 -0.407322 
-2.826755 -2.178858 -0.263486 
-4.230139 -1.165169 0.089391 
-2.339306 -0.083211 0.163282 
-2.130149 -0.246376 1.674657 
-1.466622 0.532599 2.063491 
-3.086637 -0.173063 2.205169 
-1.023549 -0.011271 -0.629325 
-1.261691 0.159585 -1.686167 
-0.026277 -1.174876 -0.438097 
-0.452625 -2.017579 0.11878 
0.330655 -1.555379 -1.401133 
1.0804 -0.474598 0.312254 
2.417037 -0.181901 -0.294775 
2.256474 0.000391 -1.365289 
-3.424564 -1.038426 -1.481736 
-1.694946 -1.222087 1.927494 
-0.159177 1.068206 -0.182269 
-0.97665 2.431582 -0.711621 
-0.922314 2.890347 0.145104 
-2.822178 0.886975 -0.005291 
3.04095 1.091384 0.298355 
3.229351 0.975421 1.37386 
3.999064 1.31203 -0.185912 
2.373534 1.946212 0.156355 
3.372121 -1.413552 -0.153924 
4.368189 -1.092848 0.172715 
3.009608 -2.140774 0.58109 
3.502086 -1.931371 -1.109704 
1.025348 -0.464042 1.400041 

-3.249947 -1.185662 -0.394715 
-2.82188 -2.184642 -0.239622 
-4.227559 -1.169806 0.100525 
-2.338874 -0.0836 0.165385 
-2.130469 -0.230695 1.678498 
-1.469277 0.553996 2.059696 
-3.087563 -0.154579 2.207523 
-1.022474 -0.016824 -0.626666 
-1.259899 0.144407 -1.685204 
-0.024255 -1.177988 -0.424723 
-0.449112 -2.013235 0.144267 
0.329055 -1.571092 -1.384124 
1.084856 -0.46894 0.313778 
2.41648 -0.176711 -0.305782 
2.245297 0.011948 -1.373158 
-3.420082 -1.058386 -1.470788 
-1.692754 -1.202521 1.941661 
-0.160281 1.067967 -0.188478 
-0.980158 2.424632 -0.729841 
-0.924634 2.892173 0.122041 
-2.82375 0.883736 -0.013426 
3.042619 1.08923 0.300122 
3.218935 0.96272 1.376311 
4.007243 1.308951 -0.171942 
2.381983 1.949322 0.157952 
3.371115 -1.412002 -0.1745 
4.299386 -1.137213 0.338533 
2.915735 -2.228597 0.397307 
3.641614 -1.813803 -1.15639 
1.036664 -0.450945 1.401746 

-3.246738 -1.192747 -0.383578 
-2.81724 -2.189583 -0.218954 
-4.225042 -1.174071 0.110187 
-2.338293 -0.084128 0.167795 
-2.131344 -0.217264 1.682393 
-1.471954 0.572002 2.057196 
-3.089174 -0.138189 2.209644 
-1.020957 -0.022154 -0.623118 
-1.257199 0.130294 -1.683241 
-0.022073 -1.181053 -0.410879 
-0.44537 -2.008827 0.16993 
0.327561 -1.586511 -1.366609 
1.089573 -0.463677 0.315618 
2.416186 -0.172756 -0.316798 
2.235972 0.017231 -1.382293 
-3.415626 -1.075423 -1.460982 
-1.692109 -1.185828 1.954785 
-0.160665 1.067258 -0.192747 
-0.98256 2.418221 -0.744566 
-0.926609 2.892979 0.103284 
-2.824668 0.880701 -0.020167 
3.045337 1.087164 0.298138 
3.210642 0.952946 1.374961 
4.015992 1.304345 -0.16308 
2.391554 1.95223 0.154401 
3.368278 -1.408656 -0.190632 
4.202234 -1.200491 0.488163 
2.845603 -2.290462 0.198327 
3.779016 -1.694516 -1.164775 
1.047686 -0.437189 1.403583 

-3.24577 -1.196632 -0.371717 
-2.815576 -2.192311 -0.201984 
-4.223277 -1.175502 0.123515 
-2.336973 -0.084393 0.171743 
-2.127458 -0.208702 1.68675 
-1.468158 0.583255 2.055979 
-3.084522 -0.127465 2.215058 
-1.020993 -0.026207 -0.621702 
-1.259031 0.120308 -1.68226 
-0.021247 -1.183488 -0.404683 
-0.44272 -2.007566 0.182616 
0.326171 -1.595111 -1.358688 
1.091891 -0.460997 0.314088 
2.415922 -0.172207 -0.325787 
2.232697 0.012534 -1.391825 
-3.416434 -1.085644 -1.44951 
-1.686934 -1.175297 1.963972 
-0.160517 1.065983 -0.198756 
-0.984005 2.413615 -0.756718 
-0.926523 2.89316 0.088337 
-2.824195 0.879077 -0.020932 
3.046157 1.08592 0.291417 
3.199777 0.95191 1.369866 
4.022694 1.298251 -0.159872 
2.398268 1.954106 0.140091 
3.364465 -1.405469 -0.195155 
4.083375 -1.272929 0.620224 
2.805096 -2.326931 0.007407 
3.91243 -1.58154 -1.127398 
1.053402 -0.427885 1.401909 

-3.245561 -1.198396 -0.365113 
-2.815788 -2.193501 -0.191006 
-4.223562 -1.175044 0.129034 
-2.337036 -0.084209 0.174835 
-2.129153 -0.202354 1.690565 
-1.469873 0.590817 2.057226 
-3.086739 -0.118535 2.217513 
-1.020181 -0.029872 -0.617378 
-1.256863 0.112678 -1.678786 
-0.021289 -1.186853 -0.394721 
-0.442055 -2.005994 0.199834 
0.323341 -1.606109 -1.346498 
1.09447 -0.46064 0.315874 
2.41517 -0.174181 -0.332335 
2.228513 0.001723 -1.399609 
-3.415102 -1.091623 -1.443509 
-1.689334 -1.167951 1.972269 
-0.159302 1.063414 -0.1978 
-0.98224 2.409976 -0.759716 
-0.924937 2.891636 0.084157 
-2.823756 0.878601 -0.022298 
3.048829 1.08567 0.277402 
3.201903 0.957079 1.356539 
4.02603 1.293496 -0.17467 
2.402978 1.954525 0.121423 
3.361031 -1.402855 -0.197507 
3.959427 -1.348792 0.718237 
2.796858 -2.3433 -0.170035 
4.031449 -1.475858 -1.061533 
1.060782 -0.421703 1.403594 

-3.248333 -1.196441 -0.357536 
-2.819675 -2.192121 -0.183963 
-4.225001 -1.171249 0.139141 
-2.336664 -0.083358 0.179411 
-2.125503 -0.200752 1.694763 
-1.464233 0.591679 2.059445 
-3.081776 -0.115128 2.223795 
-1.021668 -0.031868 -0.615991 
-1.260604 0.109738 -1.67701 
-0.023487 -1.189554 -0.394058 
-0.443513 -2.007883 0.202142 
0.319038 -1.609878 -1.346167 
1.094116 -0.463339 0.313457 
2.414423 -0.179638 -0.336281 
2.230273 -0.016662 -1.406478 
-3.42049 -1.090004 -1.435546 
-1.686524 -1.166824 1.976142 
-0.158047 1.060611 -0.199727 
-0.980212 2.408445 -0.760794 
-0.921634 2.889809 0.083173 
-2.822262 0.880104 -0.017331 
3.048726 1.086682 0.258857 
3.20575 0.96996 1.338815 
4.024032 1.290834 -0.198862 
2.401067 1.952917 0.09623 
3.359313 -1.401964 -0.189282 
3.832151 -1.423669 0.798906 
2.816876 -2.346175 -0.321808 
4.140311 -1.381263 -0.958526 
1.061562 -0.421164 1.401069 

-3.25114 -1.195337 -0.350295 
-2.823379 -2.191324 -0.176256 
-4.226717 -1.168212 0.148413 
-2.336942 -0.082661 0.183212 
-2.122967 -0.198216 1.698323 
-1.460304 0.594098 2.060731 
-3.078154 -0.111015 2.22905 
-1.023562 -0.033999 -0.61496 
-1.26446 0.106077 -1.675727 
-0.025751 -1.191896 -0.392871 
-0.44509 -2.009637 0.204627 
0.315868 -1.613106 -1.344907 
1.092855 -0.465173 0.312404 
2.413181 -0.184314 -0.337466 
2.231275 -0.029707 -1.409738 
-3.425426 -1.090145 -1.428081 
-1.68435 -1.164321 1.980146 
-0.157726 1.058182 -0.202226 
-0.979439 2.406571 -0.763699 
-0.919713 2.888444 0.079907 
-2.821724 0.881134 -0.013932 
3.05101 1.087069 0.242638 
3.221355 0.979757 1.321664 
4.02004 1.289801 -0.228547 
2.399034 1.950272 0.081285 
3.356923 -1.402801 -0.184111 
3.706511 -1.504865 0.849886 
2.855869 -2.337132 -0.464506 
4.23017 -1.295896 -0.838896 
1.060768 -0.419801 1.399919 

-3.2529 -1.195376 -0.344512 
-2.824884 -2.191246 -0.170418 
-4.227678 -1.167864 0.155727 
-2.337812 -0.082315 0.186721 
-2.12181 -0.196613 1.701647 
-1.458598 0.595929 2.062558 
-3.076281 -0.108881 2.233568 
-1.025612 -0.034805 -0.613394 
-1.268015 0.103852 -1.673998 
-0.02744 -1.192233 -0.391058 
-0.445761 -2.009676 0.207575 
0.313574 -1.614057 -1.343007 
1.091716 -0.464506 0.312345 
2.412448 -0.187938 -0.337135 
2.231884 -0.03995 -1.41096 
-3.42888 -1.090977 -1.422096 
-1.682936 -1.162539 1.983686 
-0.158703 1.057696 -0.203478 
-0.981366 2.405907 -0.764594 
-0.920741 2.888068 0.078789 
-2.822739 0.881358 -0.01064 
3.056253 1.088581 0.224706 
3.245992 0.991393 1.301653 
4.015953 1.289944 -0.265376 
2.3988 1.948518 0.068149 
3.353598 -1.406358 -0.179905 
3.582481 -1.591937 0.876652 
2.906867 -2.317821 -0.593623 
4.30076 -1.228266 -0.703357 
1.059844 -0.416042 1.399761 

-3.256138 -1.193662 -0.336557 
-2.828559 -2.189923 -0.163615 
-4.229081 -1.164926 0.167168 
-2.33798 -0.081364 0.190998 
-2.116884 -0.195464 1.705221 
-1.451961 0.596721 2.063768 
-3.069488 -0.107002 2.240355 
-1.028659 -0.035441 -0.613852 
-1.274814 0.102358 -1.673692 
-0.030079 -1.192875 -0.393888 
-0.44751 -2.011711 0.203527 
0.310538 -1.61261 -1.346828 
1.089388 -0.465757 0.3098 
2.41168 -0.192512 -0.336568 
2.233769 -0.050663 -1.411865 
-3.435844 -1.089474 -1.413541 
-1.677708 -1.161647 1.985938 
-0.159509 1.05686 -0.208057 
-0.982827 2.40526 -0.768021 
-0.920493 2.887636 0.075118 
-2.822642 0.882731 -0.004998 
3.057396 1.090797 0.207764 
3.265513 1.003917 1.282396 
4.00759 1.292268 -0.300089 
2.392979 1.9461 0.055345 
3.354268 -1.410026 -0.173136 
3.461325 -1.681694 0.884679 
2.980946 -2.288983 -0.710008 
4.356626 -1.171298 -0.548559 
1.056169 -0.415769 1.397182 

-3.259514 -1.190701 -0.329219 
-2.832928 -2.187627 -0.157641 
-4.230846 -1.16049 0.177518 
-2.338026 -0.079822 0.195539 
-2.112455 -0.194494 1.70907 
-1.445575 0.596855 2.06583 
-3.063336 -0.105105 2.247107 
-1.031252 -0.035716 -0.613474 
-1.280683 0.101931 -1.672565 
-0.033013 -1.193937 -0.396312 
-0.449964 -2.013595 0.200366 
0.306008 -1.612084 -1.350394 
1.087971 -0.468458 0.306902 
2.411267 -0.197869 -0.3376 
2.234526 -0.06369 -1.414049 
-3.442375 -1.086179 -1.405638 
-1.673518 -1.161256 1.988198 
-0.15951 1.055713 -0.210954 
-0.982661 2.40497 -0.768754 
-0.918267 2.887012 0.074421 
-2.821917 0.884995 0.00115 
3.05505 1.094473 0.188273 
3.277705 1.019895 1.261063 
3.997153 1.295683 -0.334222 
2.383419 1.944132 0.036069 
3.359087 -1.413627 -0.165337 
3.345179 -1.774958 0.871153 
3.076516 -2.249116 -0.814135 
4.395368 -1.127346 -0.380694 
1.054606 -0.417743 1.394319 

-3.26118 -1.190282 -0.32066 
-2.834772 -2.186956 -0.147178 
-4.231531 -1.158203 0.187835 
-2.33813 -0.078434 0.199322 
-2.109857 -0.189084 1.712745 
-1.441984 0.602939 2.066131 
-3.059725 -0.097842 2.252262 
-1.032884 -0.037189 -0.612265 
-1.284383 0.097664 -1.671233 
-0.034744 -1.1953 -0.394175 
-0.451189 -2.013693 0.204594 
0.302455 -1.615166 -1.348008 
1.087835 -0.469163 0.306093 
2.410869 -0.20076 -0.339459 
2.231821 -0.069399 -1.415603 
-3.446011 -1.088608 -1.397015 
-1.670808 -1.155272 1.993678 
-0.159833 1.054891 -0.214529 
-0.983215 2.402866 -0.774512 
-0.917833 2.886921 0.067427 
-2.821933 0.886079 0.003179 
3.052977 1.097348 0.175064 
3.284114 1.03031 1.246626 
3.990207 1.298469 -0.35597 
2.376978 1.943516 0.0227 
3.363926 -1.417511 -0.164941 
3.231732 -1.880508 0.821628 
3.18752 -2.190475 -0.919406 
4.411798 -1.099121 -0.211841 
1.055794 -0.416193 1.393499 

-3.261784 -1.192406 -0.308364 
-2.834255 -2.187935 -0.131106 
-4.230512 -1.158263 0.203086 
-2.337763 -0.077338 0.202942 
-2.105683 -0.17938 1.716404 
-1.436784 0.614533 2.063528 
-3.054173 -0.08493 2.257789 
-1.034564 -0.039987 -0.612138 
-1.288872 0.089264 -1.671142 
-0.035622 -1.196784 -0.390751 
-0.451067 -2.012626 0.212179 
0.299848 -1.620657 -1.34335 
1.088045 -0.467591 0.304807 
2.410402 -0.201346 -0.343211 
2.228064 -0.068984 -1.418179 
-3.450107 -1.096402 -1.384633 
-1.666049 -1.144018 2.001714 
-0.161092 1.054555 -0.222391 
-0.986061 2.398639 -0.788277 
-0.91873 2.887829 0.050522 
-2.822476 0.885863 0.002614 
3.050337 1.09851 0.170216 
3.2788 1.032915 1.242396 
3.98888 1.299131 -0.358736 
2.374491 1.944264 0.014681 
3.367452 -1.421357 -0.16938 
3.119405 -1.996004 0.732132 
3.316706 -2.108055 -1.019817 
4.403579 -1.08882 -0.039654 
1.057598 -0.410777 1.392104 

-3.261481 -1.1948 -0.298166 
-2.833893 -2.189116 -0.114345 
-4.230433 -1.157506 0.212637 
-2.337845 -0.076288 0.206307 
-2.105477 -0.16913 1.720324 
-1.437029 0.62727 2.062585 
-3.053959 -0.072137 2.261279 
-1.03477 -0.043224 -0.609189 
-1.28941 0.079105 -1.668954 
-0.035381 -1.198397 -0.380839 
-0.450022 -2.008674 0.230011 
0.297336 -1.630889 -1.330542 
1.09049 -0.464241 0.306051 
2.409854 -0.201471 -0.35024 
2.220348 -0.070039 -1.423561 
-3.449353 -1.105744 -1.375114 
-1.665127 -1.131715 2.011358 
-0.162193 1.054577 -0.226732 
-0.988732 2.393914 -0.799476 
-0.921346 2.888088 0.036384 
-2.823056 0.885461 0.000324 
3.049166 1.098544 0.163566 
3.267567 1.034468 1.237821 
3.993327 1.295338 -0.357043 
2.377455 1.946045 -0.000403 
3.369719 -1.424786 -0.176247 
3.017094 -2.108027 0.605925 
3.460256 -2.005472 -1.09934 
4.370023 -1.097514 0.128444 
1.064887 -0.401797 1.393163 

-3.261057 -1.197528 -0.286808 
-2.833647 -2.190392 -0.09491 
-4.230313 -1.156148 0.223101 
-2.337702 -0.075072 0.209359 
-2.10628 -0.155725 1.724229 
-1.437558 0.643063 2.060323 
-3.055041 -0.053836 2.263794 
-1.034024 -0.048316 -0.605459 
-1.287922 0.065972 -1.66632 
-0.035106 -1.202222 -0.367899 
-0.449392 -2.004726 0.253229 
0.293847 -1.646191 -1.313697 
1.093932 -0.462528 0.307855 
2.408552 -0.201775 -0.360138 
2.210109 -0.071187 -1.431464 
-3.44828 -1.116943 -1.36454 
-1.666603 -1.116087 2.023419 
-0.162075 1.052661 -0.230859 
-0.988758 2.386983 -0.813207 
-0.921403 2.887458 0.01889 
-2.822816 0.884985 -0.004557 
3.046312 1.096294 0.16018 
3.250178 1.028958 1.236867 
3.998207 1.291258 -0.347348 
2.379997 1.946495 -0.011684 
3.370552 -1.42605 -0.186819 
2.931988 -2.211458 0.439343 
3.61743 -1.880235 -1.151932 
4.309851 -1.122221 0.28838 
1.075035 -0.393644 1.394658 

-3.258813 -1.205029 -0.271089 
-2.829328 -2.194851 -0.068405 
-4.227755 -1.159861 0.23909 
-2.337345 -0.075237 0.211828 
-2.104748 -0.138476 1.727357 
-1.437226 0.665234 2.053942 
-3.053343 -0.032261 2.266376 
-1.034245 -0.054699 -0.604134 
-1.28909 0.048597 -1.6659 
-0.033661 -1.204914 -0.355911 
-0.445946 -2.000354 0.275453 
0.293304 -1.659819 -1.297307 
1.095999 -0.456501 0.308951 
2.406953 -0.198551 -0.368895 
2.200898 -0.061993 -1.437846 
-3.447008 -1.136905 -1.349514 
-1.663123 -1.094588 2.037047 
-0.163937 1.051507 -0.24124 
-0.993454 2.378002 -0.837359 
-0.925978 2.88772 -0.010908 
-2.824604 0.881375 -0.012384 
3.049871 1.090004 0.167597 
3.239484 1.009994 1.245783 
4.009818 1.283322 -0.325703 
2.392785 1.947321 -0.004716 
3.362607 -1.427195 -0.204047 
2.859987 -2.295463 0.23566 
3.765619 -1.741367 -1.173273 
4.219568 -1.175383 0.430489 
1.080725 -0.377786 1.395044 

-3.259764 -1.205076 -0.261979 
-2.831115 -2.194437 -0.055316 
-4.228479 -1.156876 0.248348 
-2.337092 -0.074098 0.215876 
-2.104363 -0.130856 1.731655 
-1.43555 0.673289 2.054522 
-3.052731 -0.02075 2.270287 
-1.034088 -0.058481 -0.600315 
-1.288908 0.040535 -1.662502 
-0.034686 -1.208771 -0.347355 
-0.446374 -1.998749 0.291121 
0.288248 -1.671188 -1.286607 
1.098426 -0.457809 0.308476 
2.405348 -0.202293 -0.379052 
2.194441 -0.074534 -1.448286 
-3.448282 -1.141272 -1.340613 
-1.664166 -1.086202 2.045656 
-0.162556 1.048404 -0.242345 
-0.991149 2.373579 -0.842694 
-0.923502 2.885754 -0.017772 
-2.823434 0.881993 -0.012489 
3.048595 1.08698 0.154791 
3.226513 1.011491 1.235153 
4.014583 1.274533 -0.329216 
2.396682 1.945824 -0.028879 
3.360499 -1.42535 -0.207046 
2.827877 -2.346515 0.051863 
3.909832 -1.61553 -1.136759 
4.114389 -1.227953 0.563317 
1.088821 -0.373798 1.394147 

-3.259341 -1.208893 -0.250613 
-2.829568 -2.196719 -0.038989 
-4.227253 -1.15856 0.261023 
-2.336822 -0.074449 0.219331 
-2.101723 -0.122452 1.735062 
-1.433108 0.684066 2.052373 
-3.04937 -0.010096 2.27449 
-1.035145 -0.062384 -0.59899 
-1.291663 0.030887 -1.661279 
-0.034539 -1.210482 -0.341371 
-0.444159 -1.997266 0.30231 
0.287469 -1.677907 -1.278542 
1.098929 -0.454749 0.307872 
2.403884 -0.202419 -0.384897 
2.191032 -0.077297 -1.454439 
-3.449666 -1.151407 -1.329284 
-1.660257 -1.075635 2.053792 
-0.163583 1.046885 -0.248192 
-0.994124 2.368622 -0.854597 
-0.925533 2.885177 -0.032484 
-2.824317 0.879932 -0.013672 
3.053912 1.083194 0.148635 
3.230216 1.007103 1.229179 
4.021425 1.265969 -0.334267 
2.406708 1.945434 -0.035769 
3.352668 -1.424191 -0.213635 
2.811382 -2.372915 -0.134257 
4.028041 -1.500903 -1.074767 
3.990987 -1.302496 0.669001 
1.09153 -0.364207 1.392963 

-3.261518 -1.206862 -0.243091 
-2.832527 -2.195274 -0.032614 
-4.22784 -1.155086 0.271396 
-2.336001 -0.073673 0.224016 
-2.097169 -0.121505 1.739186 
-1.426596 0.684132 2.05462 
-3.043298 -0.007556 2.28093 
-1.036498 -0.064023 -0.59769 
-1.295616 0.028505 -1.659402 
-0.036234 -1.212645 -0.341316 
-0.444776 -1.999006 0.303567 
0.283801 -1.680571 -1.278955 
1.098842 -0.457001 0.305025 
2.403272 -0.207232 -0.389159 
2.192738 -0.094535 -1.461003 
-3.454925 -1.149209 -1.3212 
-1.656352 -1.075251 2.05713 
-0.162486 1.044444 -0.250191 
-0.992773 2.367355 -0.855278 
-0.922805 2.883471 -0.032993 
-2.822606 0.881372 -0.00814 
3.053952 1.084035 0.129374 
3.235598 1.01957 1.209859 
4.018835 1.263213 -0.359966 
2.404387 1.943293 -0.060293 
3.351551 -1.422017 -0.206885 
2.825823 -2.379714 -0.286395 
4.133682 -1.406711 -0.976283 
3.862901 -1.376084 0.761883 
1.092651 -0.363592 1.389856 

-3.26301 -1.206038 -0.236031 
-2.83437 -2.194673 -0.025871 
-4.228035 -1.15304 0.280755 
-2.335381 -0.073314 0.228044 
-2.0932 -0.120254 1.742726 
-1.421371 0.68512 2.056173 
-3.038038 -0.005238 2.286487 
-1.037835 -0.065532 -0.596681 
-1.299303 0.02587 -1.657903 
-0.037308 -1.213986 -0.340999 
-0.444632 -2.000353 0.304659 
0.281978 -1.682019 -1.278827 
1.098404 -0.457735 0.303377 
2.402979 -0.210493 -0.390414 
2.195298 -0.107323 -1.464222 
-3.458961 -1.148981 -1.313709 
-1.6524 -1.07412 2.060343 
-0.162081 1.042702 -0.252499 
-0.992801 2.366086 -0.856868 
-0.921339 2.882348 -0.034793 
-2.821669 0.881985 -0.003744 
3.055803 1.086192 0.111624 
3.252129 1.031616 1.190222 
4.01336 1.263992 -0.392045 
2.400824 1.941769 -0.07595 
3.35055 -1.420728 -0.200748 
2.856055 -2.371653 -0.428423 
4.219543 -1.32702 -0.863932 
3.730397 -1.462017 0.827264 
1.092425 -0.361317 1.387971 

-3.263553 -1.206226 -0.229418 
-2.834246 -2.194796 -0.020302 
-4.227164 -1.153262 0.29 
-2.334753 -0.073346 0.231997 
-2.088945 -0.119927 1.746119 
-1.416551 0.685636 2.057887 
-3.032503 -0.004989 2.292106 
-1.039341 -0.066028 -0.595992 
-1.303506 0.024092 -1.656641 
-0.037529 -1.213451 -0.341343 
-0.443259 -2.000904 0.304032 
0.282067 -1.680294 -1.279611 
1.097712 -0.455967 0.302433 
2.403512 -0.212336 -0.388977 
2.199184 -0.117723 -1.464566 
-3.462436 -1.149322 -1.306564 
-1.647248 -1.073682 2.062845 
-0.162734 1.042706 -0.25527 
-0.99529 2.365712 -0.858608 
-0.922408 2.882271 -0.036836 
-2.821596 0.881883 0.001085 
3.05918 1.090369 0.093799 
3.27402 1.046802 1.169575 
4.007203 1.266644 -0.427682 
2.397767 1.941843 -0.089932 
3.349216 -1.421481 -0.192591 
2.897257 -2.351332 -0.556678 
4.287334 -1.266084 -0.739044 
3.596052 -1.558404 0.867376 
1.090573 -0.356559 1.386788 

-3.264877 -1.206567 -0.218859 
-2.834947 -2.194872 -0.009754 
-4.226064 -1.152268 0.304898 
-2.333603 -0.073102 0.236129 
-2.081042 -0.117104 1.749236 
-1.407682 0.689274 2.056787 
-3.022204 -0.001716 2.299243 
-1.042075 -0.067478 -0.597848 
-1.311188 0.02028 -1.657429 
-0.038455 -1.213582 -0.345105 
-0.442608 -2.00351 0.298327 
0.282478 -1.677343 -1.284362 
1.095177 -0.454901 0.300237 
2.403657 -0.213622 -0.385586 
2.203745 -0.123118 -1.462504 
-3.468683 -1.15172 -1.295186 
-1.637524 -1.070197 2.065456 
-0.164 1.042051 -0.263422 
-0.998595 2.363681 -0.867745 
-0.923598 2.882179 -0.047381 
-2.821273 0.88184 0.005703 
3.06003 1.094259 0.083049 
3.290049 1.05942 1.156174 
3.99984 1.26979 -0.452975 
2.392886 1.942055 -0.097094 
3.349528 -1.42314 -0.185123 
2.959313 -2.319001 -0.682199 
4.342107 -1.212012 -0.599858 
3.463205 -1.664867 0.87878 
1.084416 -0.352867 1.384397 

-3.26665 -1.204874 -0.211906 
-2.836961 -2.193467 -0.003651 
-4.226422 -1.149664 0.314344 
-2.33326 -0.072025 0.240321 
-2.077192 -0.115644 1.752859 
-1.402473 0.690298 2.058588 
-3.016967 0.000706 2.30503 
-1.043825 -0.067991 -0.596831 
-1.315588 0.018533 -1.655832 
-0.039854 -1.213975 -0.345195 
-0.443272 -2.004455 0.298066 
0.280409 -1.676922 -1.284976 
1.094331 -0.455353 0.299558 
2.403883 -0.216926 -0.384159 
2.205544 -0.134306 -1.461919 
-3.473209 -1.150163 -1.287714 
-1.633729 -1.069004 2.068366 
-0.164301 1.04149 -0.266037 
-0.999497 2.362944 -0.869652 
-0.923281 2.881772 -0.049609 
-2.820658 0.883234 0.010608 
3.058352 1.099052 0.065407 
3.301542 1.077078 1.136079 
3.990626 1.272439 -0.483997 
2.384941 1.941659 -0.11576 
3.354072 -1.425364 -0.175451 
3.044506 -2.277482 -0.79197 
4.383732 -1.167972 -0.44795 
3.340179 -1.770219 0.865761 
1.083037 -0.351553 1.383609 

-3.268444 -1.203867 -0.202518 
-2.839244 -2.192153 0.008188 
-4.227127 -1.146037 0.325435 
-2.333135 -0.070379 0.244136 
-2.073751 -0.109623 1.75623 
-1.397895 0.696837 2.058051 
-3.012224 0.008897 2.310152 
-1.045576 -0.069769 -0.595877 
-1.319709 0.014159 -1.654478 
-0.041921 -1.215902 -0.343695 
-0.445094 -2.005254 0.301124 
0.276634 -1.680114 -1.283292 
1.09371 -0.457208 0.298776 
2.403289 -0.22028 -0.385083 
2.203604 -0.141156 -1.462518 
-3.477073 -1.152556 -1.278096 
-1.630097 -1.062295 2.073544 
-0.164405 1.039805 -0.27005 
-0.9994 2.360161 -0.87584 
-0.921717 2.881093 -0.057277 
-2.820352 0.884549 0.01263 
3.053966 1.101734 0.05343 
3.303465 1.087893 1.122827 
3.98222 1.27506 -0.502629 
2.375921 1.940206 -0.12959 
3.360074 -1.428292 -0.171974 
3.155473 -2.22061 -0.901395 
4.40803 -1.130156 -0.284789 
3.225533 -1.881086 0.817825 
1.083258 -0.351814 1.382739 

-3.269863 -1.204465 -0.188725 
-2.839937 -2.191677 0.025517 
-4.226427 -1.143753 0.342751 
-2.332661 -0.068748 0.248245 
-2.067535 -0.100068 1.759545 
-1.390251 0.70773 2.054506 
-3.003835 0.02171 2.316433 
-1.048342 -0.072436 -0.596712 
-1.326712 0.006515 -1.654591 
-0.043997 -1.21762 -0.343226 
-0.446211 -2.005552 0.303963 
0.272887 -1.6838 -1.282326 
1.092679 -0.457316 0.295741 
2.402168 -0.222432 -0.389306 
2.200214 -0.142328 -1.465742 
-3.482792 -1.158854 -1.263721 
-1.622968 -1.051216 2.080152 
-0.16596 1.038557 -0.27952 
-1.002403 2.355477 -0.890105 
-0.92324 2.88061 -0.074387 
-2.820734 0.884989 0.013595 
3.049614 1.101388 0.049137 
3.295386 1.0888 1.119379 
3.979633 1.27528 -0.50388 
2.371263 1.938848 -0.137398 
3.363704 -1.432658 -0.174338 
3.28803 -2.144111 -1.004357 
4.407065 -1.106589 -0.107812 
3.116014 -1.995242 0.733686 
1.083225 -0.349196 1.379484 

'WARNING: The zero of the relative energy is arbitrary minimum'

0	0.0
10	73.9111547619
20	281.161707535
30	572.699736699
40	877.654030591
50	1115.54543667
60	1208.93233123
70	1126.06595312
80	898.708670914
90	594.609450191
100	300.429604888
110	88.3756303191
120	7.1399487108
130	74.7471336126
140	278.705786422
150	569.502210781
160	875.046233028
170	1117.05476372
180	1216.0942274
190	1135.54528192
200	909.941382557
210	604.075829998
220	307.333837867
230	93.5596211255
240	10.3714931607
250	77.2504612505
260	280.78947857
270	570.665645808
280	876.690756425
290	1118.15608741
300	1217.92881586
310	1135.06858301
320	903.060633391
330	592.658759668
340	295.411317438
350	85.3302003294
360	8.68351379037
370	82.6523903459
380	290.043406919
390	581.897040606
400	886.377708241






