TS_3e_35_7_18_19_1_scan_b3631gd
Calculated at [      ] level of theory      

30               !Number of atoms in the molecule

0, 41, 10.0       ! Minumum angle, No. of Points and Stepsize (in degrees)

12.011
1.008
1.008
12.011
12.011
1.008
1.008
12.011
1.008
12.011
1.008
1.008
12.011
12.011
1.008
1.008
1.008
15.999
15.999
1.008
1.008
12.011
1.008
1.008
1.008
12.011
1.008
1.008
1.008
1.008

-3.235796 -1.149823 -0.552727 
-2.807343 -2.157224 -0.470069 
-4.219917 -1.173994 -0.070864 
-2.334532 -0.093883 0.103875 
-2.150608 -0.355918 1.604668 
-1.491748 0.394079 2.05379 
-3.115493 -0.313199 2.123176 
-1.006002 0.033087 -0.660227 
-1.226844 0.269935 -1.707983 
-0.00576 -1.134937 -0.523991 
-0.441611 -2.021004 -0.047549 
0.387438 -1.438173 -1.500566 
1.068063 -0.482983 0.311449 
2.426097 -0.151488 -0.225433 
2.312802 0.097505 -1.289683 
-3.391994 -0.939435 -1.617817 
-1.722654 -1.347818 1.801054 
-0.155183 1.085251 -0.129586 
-0.967452 2.476228 -0.599229 
-0.906727 2.897647 0.276046 
-2.816603 0.884766 -0.00857 
3.031275 1.064052 0.492838 
3.155355 0.865264 1.56535 
4.018449 1.307058 0.0829 
2.382764 1.937281 0.378327 
3.357646 -1.383181 -0.124267 
2.944187 -2.247209 -0.657141 
4.339147 -1.157267 -0.558417 
3.511686 -1.673663 0.922182 
0.969371 -0.539112 1.394451 

-3.235616 -1.161702 -0.549938 
-2.802179 -2.167088 -0.468207 
-4.219381 -1.1912 -0.067626 
-2.339682 -0.101369 0.106956 
-2.152758 -0.363088 1.607333 
-1.500171 0.392788 2.055468 
-3.117757 -0.328038 2.126234 
-1.01214 0.032641 -0.657919 
-1.234203 0.27039 -1.705373 
-0.007196 -1.131362 -0.524553 
-0.439396 -2.020477 -0.050478 
0.387726 -1.430586 -1.501677 
1.063483 -0.477017 0.312837 
2.422251 -0.145172 -0.221929 
2.309211 0.112333 -1.284202 
-3.393589 -0.951558 -1.614865 
-1.717022 -1.351768 1.80336 
-0.166619 1.087983 -0.126473 
-0.994379 2.469205 -0.603943 
-0.793425 2.958741 0.212916 
-2.826395 0.874953 -0.00323 
3.032299 1.062176 0.505684 
3.156662 0.8543 1.576403 
4.019769 1.305654 0.0968 
2.387044 1.938932 0.399441 
3.349919 -1.380684 -0.131031 
2.933059 -2.239096 -0.670241 
4.331762 -1.154673 -0.564366 
3.50386 -1.679753 0.912996 
0.962876 -0.533622 1.395612 

-3.235205 -1.173429 -0.545133 
-2.796468 -2.17661 -0.464238 
-4.217991 -1.208141 -0.061178 
-2.344002 -0.108208 0.110404 
-2.152353 -0.368748 1.610318 
-1.506264 0.393584 2.056636 
-3.116907 -0.342094 2.130556 
-1.018531 0.032663 -0.657164 
-1.243564 0.271297 -1.703907 
-0.008593 -1.127022 -0.527477 
-0.436743 -2.020174 -0.057325 
0.388781 -1.420367 -1.505386 
1.058071 -0.470436 0.313177 
2.41831 -0.138195 -0.217579 
2.306708 0.129647 -1.277484 
-3.396213 -0.964199 -1.609825 
-1.707764 -1.353682 1.805773 
-0.176988 1.090745 -0.126155 
-1.022793 2.463984 -0.601425 
-0.686434 3.008876 0.131406 
-2.836207 0.865416 0.002577 
3.033472 1.059099 0.522046 
3.158222 0.839498 1.590331 
4.021246 1.303741 0.114662 
2.391754 1.93978 0.42664 
3.341249 -1.378129 -0.138146 
2.921197 -2.229704 -0.685569 
4.32404 -1.15177 -0.569139 
3.49373 -1.687606 0.903039 
0.954255 -0.527972 1.395553 

-3.233723 -1.184728 -0.539239 
-2.789563 -2.185501 -0.458045 
-4.215407 -1.224149 -0.053429 
-2.347324 -0.113748 0.113567 
-2.14993 -0.371568 1.613129 
-1.510778 0.398047 2.056656 
-3.113681 -0.353847 2.135239 
-1.024471 0.033831 -0.657666 
-1.253393 0.274094 -1.703259 
-0.010239 -1.122278 -0.53253 
-0.435095 -2.019715 -0.067527 
0.389759 -1.408823 -1.511379 
1.052397 -0.465119 0.312688 
2.414403 -0.131984 -0.212967 
2.304969 0.146589 -1.270377 
-3.397932 -0.977687 -1.603908 
-1.695429 -1.352076 1.808415 
-0.185364 1.093476 -0.127097 
-1.052191 2.46117 -0.586268 
-0.589753 3.046057 0.039058 
-2.84615 0.856563 0.00751 
3.033495 1.05507 0.539614 
3.158299 0.823098 1.605224 
4.02158 1.301842 0.134326 
2.394636 1.93908 0.455582 
3.333053 -1.375859 -0.144983 
2.910561 -2.220421 -0.701251 
4.317008 -1.148591 -0.572834 
3.483438 -1.69613 0.893219 
0.944839 -0.524848 1.394519 

-3.231831 -1.194194 -0.533078 
-2.782697 -2.19272 -0.451699 
-4.212239 -1.237795 -0.045082 
-2.349524 -0.117906 0.116697 
-2.146295 -0.372777 1.615911 
-1.513182 0.403384 2.056426 
-3.10901 -0.362936 2.140134 
-1.029524 0.035567 -0.658646 
-1.26284 0.277728 -1.70283 
-0.011805 -1.117755 -0.538204 
-0.434157 -2.019266 -0.078778 
0.3907 -1.397405 -1.518013 
1.047051 -0.46117 0.312116 
2.410769 -0.126435 -0.208103 
2.303573 0.163104 -1.262856 
-3.399434 -0.989266 -1.597658 
-1.682877 -1.349208 1.810962 
-0.19148 1.095816 -0.128572 
-1.080401 2.45985 -0.560593 
-0.507747 3.070445 -0.064476 
-2.854959 0.849086 0.012174 
3.032696 1.050481 0.55786 
3.157711 0.805693 1.620525 
4.020916 1.300378 0.154857 
2.395785 1.937052 0.485809 
3.325967 -1.373496 -0.151862 
2.901785 -2.211081 -0.717255 
4.311021 -1.14453 -0.576273 
3.474251 -1.704757 0.88317 
0.935791 -0.524043 1.393324 

-3.230111 -1.200874 -0.527393 
-2.776943 -2.197598 -0.446563 
-4.20921 -1.248025 -0.03714 
-2.350768 -0.12065 0.120047 
-2.142183 -0.373733 1.618778 
-1.514038 0.407597 2.057026 
-3.103825 -0.370821 2.145043 
-1.033578 0.037864 -0.65931 
-1.271301 0.282321 -1.701912 
-0.013166 -1.113506 -0.543725 
-0.433804 -2.018791 -0.090113 
0.39149 -1.386361 -1.524563 
1.042532 -0.458699 0.311799 
2.407723 -0.121797 -0.203218 
2.30258 0.177983 -1.255394 
-3.400967 -0.997135 -1.591707 
-1.671253 -1.346801 1.812835 
-0.19562 1.097786 -0.129063 
-1.104673 2.459978 -0.526185 
-0.443036 3.082146 -0.176939 
-2.861993 0.843492 0.017294 
3.031298 1.045954 0.575313 
3.15687 0.789014 1.634995 
4.019397 1.299702 0.174437 
2.395239 1.934089 0.514883 
3.320531 -1.371095 -0.158115 
2.895413 -2.202266 -0.73216 
4.306525 -1.139864 -0.579125 
3.466926 -1.712672 0.873809 
0.927958 -0.525395 1.392353 

-3.229123 -1.204067 -0.522923 
-2.773132 -2.199642 -0.444163 
-4.207025 -1.254348 -0.030635 
-2.35144 -0.122113 0.124063 
-2.138827 -0.375859 1.622095 
-1.513658 0.408159 2.05961 
-3.09957 -0.377997 2.149993 
-1.036532 0.040608 -0.65833 
-1.277854 0.287938 -1.699351 
-0.014324 -1.109763 -0.547723 
-0.433994 -2.018201 -0.099482 
0.391645 -1.376583 -1.529689 
1.039307 -0.457743 0.3124 
2.405378 -0.117898 -0.198428 
2.301457 0.191281 -1.248098 
-3.402785 -0.999579 -1.586655 
-1.663143 -1.347061 1.813984 
-0.198093 1.099282 -0.126563 
-1.121523 2.461575 -0.4883 
-0.395908 3.081245 -0.29793 
-2.866842 0.840107 0.023602 
3.029526 1.041951 0.591429 
3.156397 0.773765 1.648133 
4.017083 1.300326 0.192163 
2.393083 1.930561 0.542191 
3.317232 -1.368239 -0.164139 
2.89188 -2.193791 -0.746041 
4.303721 -1.133936 -0.582311 
3.462604 -1.719281 0.864732 
0.922472 -0.528852 1.392354 

-3.228957 -1.203725 -0.520385 
-2.771672 -2.198936 -0.444876 
-4.206181 -1.2565 -0.027049 
-2.351878 -0.12245 0.128706 
-2.137075 -0.379913 1.6258 
-1.513225 0.404322 2.064671 
-3.097322 -0.385675 2.154555 
-1.038313 0.043993 -0.655027 
-1.281784 0.295372 -1.694506 
-0.015313 -1.106429 -0.549744 
-0.434709 -2.01732 -0.106203 
0.390922 -1.368101 -1.533003 
1.037641 -0.458155 0.313991 
2.403887 -0.11491 -0.194166 
2.300188 0.201836 -1.241703 
-3.404147 -0.996514 -1.583353 
-1.659181 -1.350714 1.814209 
-0.19904 1.100208 -0.119327 
-1.129582 2.465164 -0.448184 
-0.36622 3.067958 -0.422147 
-2.869586 0.838932 0.031349 
3.027701 1.039115 0.604539 
3.156638 0.761773 1.658601 
4.014298 1.302324 0.206022 
2.389765 1.927163 0.564904 
3.316114 -1.365176 -0.16925 
2.891007 -2.186509 -0.757262 
4.302574 -1.127501 -0.585617 
3.46155 -1.723771 0.856992 
0.919914 -0.534016 1.393451 

-3.229951 -1.199596 -0.519843 
-2.772746 -2.195227 -0.449815 
-4.206833 -1.254785 -0.026126 
-2.352267 -0.121908 0.134496 
-2.137344 -0.386972 1.630294 
-1.512681 0.39439 2.073049 
-3.097572 -0.39452 2.159038 
-1.039009 0.047968 -0.648666 
-1.28296 0.304577 -1.686741 
-0.016163 -1.103437 -0.549357 
-0.435758 -2.016188 -0.109841 
0.38924 -1.360757 -1.534137 
1.037524 -0.459655 0.316853 
2.403141 -0.112438 -0.190354 
2.298453 0.210163 -1.236107 
-3.405812 -0.986781 -1.581605 
-1.660458 -1.359252 1.813532 
-0.198889 1.100721 -0.106518 
-1.127364 2.470982 -0.412148 
-0.351524 3.041996 -0.549379 
-2.869986 0.839968 0.041323 
3.025914 1.037759 0.614804 
3.157734 0.753269 1.666586 
4.011117 1.305959 0.216118 
2.38548 1.924328 0.583345 
3.317026 -1.361576 -0.173641 
2.892567 -2.179981 -0.766204 
4.302912 -1.120167 -0.589251 
3.463663 -1.726046 0.850348 
0.920558 -0.540948 1.395935 

-3.231941 -1.192131 -0.520948 
-2.776202 -2.188904 -0.458044 
-4.208816 -1.249344 -0.027475 
-2.352488 -0.120524 0.141031 
-2.138887 -0.396298 1.635134 
-1.51173 0.379802 2.083569 
-3.099358 -0.404271 2.163402 
-1.038702 0.052247 -0.640105 
-1.281869 0.314843 -1.676917 
-0.01685 -1.100909 -0.547092 
-0.437077 -2.014953 -0.110911 
0.386921 -1.354651 -1.533504 
1.038598 -0.462073 0.320697 
2.40293 -0.110383 -0.186882 
2.296267 0.216673 -1.231146 
-3.407649 -0.971512 -1.581157 
-1.665389 -1.371434 1.811785 
-0.197316 1.10067 -0.09003 
-1.116074 2.479163 -0.380461 
-0.351071 3.003328 -0.675488 
-2.868135 0.843041 0.053352 
3.023987 1.037704 0.622756 
3.158987 0.747946 1.672689 
4.007596 1.31078 0.223388 
2.380433 1.922186 0.597708 
3.319526 -1.357534 -0.177343 
2.896072 -2.174126 -0.773148 
4.304355 -1.112042 -0.593091 
3.468352 -1.726453 0.844726 
0.923541 -0.548995 1.399491 

-3.234377 -1.181909 -0.524031 
-2.781323 -2.180368 -0.468896 
-4.211869 -1.240584 -0.031974 
-2.352678 -0.118232 0.147701 
-2.142429 -0.406652 1.639933 
-1.511766 0.362456 2.095463 
-3.103658 -0.413776 2.166801 
-1.037179 0.056736 -0.629435 
-1.277871 0.325884 -1.665307 
-0.017381 -1.099059 -0.542645 
-0.438876 -2.013505 -0.108632 
0.383801 -1.350598 -1.530714 
1.041081 -0.465588 0.325529 
2.403341 -0.108932 -0.184101 
2.293518 0.220986 -1.227221 
-3.408504 -0.952125 -1.582575 
-1.67431 -1.385616 1.809487 
-0.194245 1.09991 -0.069841 
-1.097108 2.488976 -0.351318 
-0.365235 2.953139 -0.794339 
-2.864487 0.84793 0.066003 
3.022226 1.038872 0.627766 
3.161111 0.745794 1.676272 
4.003852 1.316768 0.226791 
2.37489 1.920667 0.607641 
3.323719 -1.353236 -0.180633 
2.901549 -2.169245 -0.778192 
4.306946 -1.103386 -0.597591 
3.475854 -1.725005 0.839908 
0.929419 -0.558457 1.404139 

-3.236474 -1.169843 -0.529155 
-2.787081 -2.170324 -0.481037 
-4.215487 -1.229099 -0.040223 
-2.352852 -0.114949 0.153788 
-2.147976 -0.416622 1.64416 
-1.514149 0.345053 2.107724 
-3.110602 -0.422696 2.168456 
-1.034373 0.061684 -0.617274 
-1.27087 0.338258 -1.652448 
-0.017719 -1.097672 -0.536908 
-0.441186 -2.011791 -0.104275 
0.379943 -1.347989 -1.526745 
1.045062 -0.470338 0.330602 
2.404676 -0.108788 -0.182563 
2.29098 0.221594 -1.225184 
-3.407004 -0.930801 -1.586266 
-1.685771 -1.399522 1.806872 
-0.18972 1.098406 -0.046177 
-1.072811 2.499577 -0.320207 
-0.396319 2.894858 -0.898097 
-2.859838 0.854225 0.078062 
3.020835 1.041142 0.628554 
3.163001 0.747933 1.67659 
4.000681 1.322673 0.225703 
2.369646 1.920066 0.610036 
3.329632 -1.349604 -0.182643 
2.909023 -2.166742 -0.779817 
4.310888 -1.095742 -0.60182 
3.485773 -1.721679 0.83718 
0.938106 -0.569423 1.409099 

-3.238042 -1.155997 -0.537011 
-2.793301 -2.158831 -0.494884 
-4.219645 -1.214847 -0.053272 
-2.353098 -0.110706 0.158807 
-2.156494 -0.425725 1.64751 
-1.519786 0.327994 2.120033 
-3.121412 -0.429897 2.167566 
-1.029937 0.066513 -0.603458 
-1.259914 0.3506 -1.638524 
-0.017631 -1.097285 -0.528516 
-0.443817 -2.009704 -0.095184 
0.375331 -1.348729 -1.519978 
1.050909 -0.476054 0.336522 
2.407053 -0.109738 -0.182344 
2.288301 0.218876 -1.225003 
-3.402524 -0.907735 -1.592996 
-1.701265 -1.41282 1.804214 
-0.183815 1.095899 -0.019306 
-1.045019 2.509847 -0.286898 
-0.445082 2.831028 -0.983665 
-2.854151 0.861916 0.088476 
3.020611 1.044385 0.624969 
3.167196 0.753465 1.673048 
3.998126 1.329117 0.218661 
2.365124 1.92003 0.60654 
3.33724 -1.34655 -0.184164 
2.918223 -2.166276 -0.778971 
4.316049 -1.089003 -0.606798 
3.498347 -1.716743 0.835573 
0.950436 -0.581186 1.415042 

-3.238531 -1.141244 -0.547522 
-2.799424 -2.146705 -0.508909 
-4.224051 -1.198108 -0.071599 
-2.353394 -0.10554 0.162154 
-2.168278 -0.432557 1.649685 
-1.529873 0.31366 2.131688 
-3.136554 -0.434401 2.163449 
-1.023715 0.070783 -0.588392 
-1.244612 0.362114 -1.624064 
-0.016994 -1.098313 -0.51717 
-0.446644 -2.007557 -0.08089 
0.370228 -1.353432 -1.509982 
1.058603 -0.482819 0.34347 
2.410336 -0.11174 -0.183406 
2.285031 0.213505 -1.226373 
-3.393838 -0.885082 -1.603057 
-1.720237 -1.423563 1.802155 
-0.176668 1.09211 0.010154 
-1.01493 2.518989 -0.250535 
-0.51113 2.764439 -1.047667 
-2.847876 0.870679 0.095788 
3.021662 1.048111 0.617566 
3.173542 0.761452 1.666082 
3.996429 1.335462 0.206474 
2.361707 1.920287 0.598068 
3.346357 -1.344062 -0.186246 
2.928691 -2.167486 -0.77695 
4.322048 -1.08298 -0.613883 
3.513821 -1.710726 0.833747 
0.966306 -0.59343 1.422153 

-3.236924 -1.125854 -0.563141 
-2.804292 -2.134117 -0.524683 
-4.228445 -1.179295 -0.09948 
-2.354401 -0.099392 0.162901 
-2.187177 -0.43624 1.650262 
-1.54925 0.30317 2.143177 
-3.16092 -0.434952 2.15357 
-1.014803 0.074144 -0.570071 
-1.221602 0.372854 -1.607407 
-0.01581 -1.101798 -0.499453 
-0.450167 -2.004886 -0.055537 
0.363381 -1.365788 -1.493084 
1.069363 -0.491343 0.353049 
2.414591 -0.115052 -0.186661 
2.279453 0.204188 -1.230255 
-3.378033 -0.863279 -1.619147 
-1.746921 -1.430848 1.801782 
-0.168288 1.085999 0.04612 
-0.983746 2.525771 -0.206079 
-0.592266 2.697801 -1.082219 
-2.841698 0.880477 0.097605 
3.024812 1.052971 0.603403 
3.18472 0.773518 1.652689 
3.995584 1.342384 0.184332 
2.359829 1.921181 0.582089 
3.357708 -1.341892 -0.190269 
2.940527 -2.170983 -0.773411 
4.328627 -1.077416 -0.626577 
3.535018 -1.702133 0.830355 
0.989142 -0.607348 1.432127 

-3.230901 -1.111932 -0.58595 
-2.806058 -2.123138 -0.539567 
-4.232087 -1.158851 -0.14286 
-2.356648 -0.092256 0.159273 
-2.218085 -0.433169 1.648527 
-1.585627 0.302227 2.154195 
-3.200878 -0.428419 2.133898 
-1.002012 0.07542 -0.54659 
-1.186689 0.381012 -1.587139 
-0.013758 -1.1094 -0.470412 
-0.454376 -2.001395 -0.011106 
0.354006 -1.390791 -1.463628 
1.084431 -0.50189 0.367809 
2.41944 -0.119099 -0.192489 
2.268275 0.193192 -1.235987 
-3.348532 -0.847678 -1.644469 
-1.785162 -1.430062 1.805983 
-0.158621 1.076317 0.091742 
-0.952586 2.528731 -0.147956 
-0.68652 2.634319 -1.080461 
-2.836692 0.89082 0.088619 
3.03152 1.058239 0.582325 
3.205234 0.787147 1.631629 
3.995685 1.350102 0.149876 
2.36066 1.921843 0.562003 
3.371016 -1.339313 -0.201491 
2.952045 -2.175031 -0.773856 
4.334121 -1.070766 -0.652366 
3.564565 -1.691961 0.818838 
1.022246 -0.622374 1.447599 

-3.184809 -1.099432 -0.682272 
-2.780259 -2.114775 -0.580254 
-4.224024 -1.126226 -0.335717 
-2.371064 -0.078927 0.127753 
-2.375996 -0.397043 1.628368 
-1.780945 0.33729 2.178497 
-3.399691 -0.370843 2.019191 
-0.953783 0.05668 -0.449596 
-1.03359 0.373168 -1.501853 
-0.009636 -1.157998 -0.30921 
-0.470228 -1.980698 0.247207 
0.303839 -1.546863 -1.285268 
1.140586 -0.535889 0.44537 
2.417509 -0.123543 -0.221176 
2.179258 0.172131 -1.253426 
-3.197971 -0.851195 -1.751172 
-1.974503 -1.3966 1.84117 
-0.138454 1.027528 0.266884 
-0.901212 2.497644 0.056791 
-0.738362 2.570788 -0.902705 
-2.83032 0.908383 0.001211 
3.054849 1.079256 0.491908 
3.315133 0.825875 1.527659 
3.975194 1.390296 -0.016124 
2.360664 1.924048 0.513573 
3.398955 -1.317576 -0.291636 
2.960521 -2.171906 -0.820309 
4.316319 -1.029183 -0.81914 
3.680877 -1.651428 0.71429 
1.169158 -0.661118 1.525971 

-3.149982 -1.085457 -0.73701 
-2.758006 -2.103003 -0.611429 
-4.205561 -1.103685 -0.443455 
-2.370543 -0.068506 0.110517 
-2.457755 -0.377415 1.610275 
-1.881334 0.35193 2.185908 
-3.500055 -0.334413 1.946487 
-0.92254 0.046919 -0.391456 
-0.940922 0.367114 -1.446625 
-0.005948 -1.182631 -0.214451 
-0.474589 -1.959916 0.396824 
0.272021 -1.631876 -1.175726 
1.173944 -0.554993 0.488555 
2.413891 -0.128306 -0.236581 
2.128114 0.155687 -1.260082 
-3.107387 -0.840909 -1.806045 
-2.082392 -1.380954 1.848427 
-0.126488 0.999964 0.368157 
-0.866837 2.483589 0.17106 
-0.828083 2.509658 -0.804161 
-2.814143 0.922256 -0.043154 
3.063061 1.089476 0.439827 
3.370534 0.847941 1.465455 
3.956589 1.409415 -0.108985 
2.357682 1.923934 0.484383 
3.409369 -1.308216 -0.34024 
2.961939 -2.173477 -0.843002 
4.298781 -1.010462 -0.908784 
3.739204 -1.629343 0.655219 
1.25545 -0.682479 1.566078 

-3.131503 -1.076014 -0.760096 
-2.746294 -2.094682 -0.623912 
-4.193222 -1.089231 -0.489393 
-2.366081 -0.061114 0.102521 
-2.487518 -0.365386 1.600767 
-1.92008 0.363043 2.186186 
-3.536741 -0.316464 1.913781 
-0.906169 0.045503 -0.367367 
-0.897712 0.368226 -1.422584 
-0.002968 -1.190979 -0.177654 
-0.47546 -1.949889 0.453102 
0.259769 -1.662143 -1.132926 
1.189412 -0.564723 0.505462 
2.413935 -0.132683 -0.242235 
2.109549 0.146044 -1.261768 
-3.064706 -0.833897 -1.82846 
-2.122313 -1.369906 1.84944 
-0.119163 0.989237 0.411494 
-0.840542 2.484489 0.217828 
-0.942236 2.456454 -0.752948 
-2.804175 0.930812 -0.061579 
3.067142 1.091494 0.418714 
3.391101 0.856275 1.440756 
3.950888 1.412809 -0.144973 
2.358244 1.92253 0.4693 
3.414389 -1.307301 -0.358241 
2.963634 -2.177399 -0.849607 
4.292045 -1.006635 -0.943242 
3.763303 -1.622211 0.632708 
1.291484 -0.694413 1.580913 

-3.116495 -1.071635 -0.774327 
-2.735286 -2.090298 -0.628101 
-4.182069 -1.081426 -0.519209 
-2.361427 -0.055216 0.09562 
-2.504222 -0.352796 1.593306 
-1.945769 0.379141 2.182814 
-3.557927 -0.30382 1.890817 
-0.894133 0.04689 -0.35396 
-0.867957 0.372492 -1.408278 
-0.000802 -1.1948 -0.157076 
-0.476732 -1.942567 0.484134 
0.252575 -1.678293 -1.108857 
1.199471 -0.571845 0.515221 
2.414717 -0.136736 -0.245516 
2.099288 0.139456 -1.262316 
-3.033257 -0.834092 -1.842554 
-2.141335 -1.355622 1.851432 
-0.113548 0.983574 0.438369 
-0.814236 2.491047 0.243385 
-1.058223 2.41278 -0.69872 
-2.79973 0.935679 -0.077257 
3.070992 1.090608 0.406482 
3.403589 0.859132 1.426626 
3.949669 1.41144 -0.165372 
2.360933 1.920413 0.459513 
3.417255 -1.308871 -0.369433 
2.963966 -2.181517 -0.85395 
4.287705 -1.006943 -0.964433 
3.777678 -1.62039 0.618479 
1.313323 -0.703943 1.589149 

-3.104799 -1.073261 -0.780683 
-2.724017 -2.090418 -0.62417 
-4.172426 -1.081921 -0.534417 
-2.357422 -0.050788 0.088898 
-2.510074 -0.338466 1.587528 
-1.961066 0.401794 2.175385 
-3.566405 -0.295267 1.876433 
-0.886264 0.050848 -0.350993 
-0.850912 0.379793 -1.403826 
0.000357 -1.194749 -0.151509 
-0.478865 -1.937667 0.492814 
0.249616 -1.682819 -1.102109 
1.204655 -0.576588 0.51802 
2.416641 -0.140625 -0.247202 
2.09732 0.135309 -1.26278 
-3.012427 -0.842827 -1.84968 
-2.141594 -1.336592 1.85531 
-0.109047 0.982216 0.449805 
-0.788339 2.50205 0.252818 
-1.17417 2.38215 -0.635563 
-2.80179 0.936603 -0.092757 
3.075163 1.087113 0.401718 
3.409374 0.857086 1.421683 
3.953148 1.405914 -0.172344 
2.365939 1.917598 0.453932 
3.41885 -1.312814 -0.37433 
2.96384 -2.186018 -0.856264 
4.286691 -1.011091 -0.973208 
3.783525 -1.623426 0.612316 
1.322509 -0.711292 1.591162 

-3.128821 -1.076003 -0.746246 
-2.735522 -2.091009 -0.608294 
-4.185861 -1.092693 -0.458436 
-2.354428 -0.051461 0.096623 
-2.445423 -0.343475 1.599355 
-1.882034 0.402056 2.166693 
-3.489896 -0.313544 1.929873 
-0.901606 0.064288 -0.400436 
-0.909683 0.389848 -1.454188 
0.001236 -1.174153 -0.224582 
-0.476988 -1.949758 0.381373 
0.277696 -1.621675 -1.187044 
1.186033 -0.562852 0.484989 
2.429409 -0.141098 -0.236038 
2.148089 0.143643 -1.260197 
-3.079393 -0.841487 -1.817132 
-2.054607 -1.337731 1.849599 
-0.108913 1.00884 0.368445 
-0.779221 2.533466 0.15314 
-1.318657 2.360865 -0.641062 
-2.816755 0.932171 -0.064105 
3.082497 1.074386 0.440419 
3.376747 0.836567 1.470881 
3.98491 1.381475 -0.101124 
2.384655 1.915526 0.469437 
3.418761 -1.327077 -0.334119 
2.968651 -2.191375 -0.83631 
4.31102 -1.034814 -0.900943 
3.744492 -1.647618 0.662901 
1.261623 -0.69346 1.562512 

-3.21058 -1.085795 -0.576858 
-2.784399 -2.095899 -0.531105 
-4.202281 -1.128626 -0.112978 
-2.318676 -0.063868 0.143292 
-2.147831 -0.389646 1.632232 
-1.510113 0.355922 2.115312 
-3.1202 -0.388839 2.137753 
-0.974951 0.101158 -0.592596 
-1.174946 0.394795 -1.635565 
0.005437 -1.08709 -0.522995 
-0.444054 -1.989929 -0.09364 
0.390639 -1.343484 -1.515894 
1.092438 -0.499523 0.344532 
2.445306 -0.135078 -0.181384 
2.323077 0.184717 -1.22572 
-3.348449 -0.829985 -1.634956 
-1.703452 -1.381455 1.786398 
-0.122333 1.104736 0.019597 
-0.833768 2.6145 -0.240418 
-1.557771 2.350682 -0.837944 
-2.816846 0.914493 0.087226 
3.058256 1.028516 0.61274 
3.197114 0.753504 1.666349 
4.039852 1.300074 0.207309 
2.406691 1.905665 0.570916 
3.375117 -1.372658 -0.172031 
2.95659 -2.199055 -0.758266 
4.352777 -1.117987 -0.598715 
3.538555 -1.732533 0.851066 
0.996815 -0.615467 1.422332 

-3.208216 -1.094169 -0.554496 
-2.773929 -2.100929 -0.51456 
-4.188642 -1.141917 -0.067738 
-2.306727 -0.06346 0.141058 
-2.103381 -0.380178 1.628038 
-1.46091 0.371727 2.094847 
-3.065101 -0.383894 2.153457 
-0.980738 0.106098 -0.627155 
-1.206631 0.391702 -1.666156 
0.006399 -1.076126 -0.563476 
-0.440124 -1.990666 -0.155597 
0.40655 -1.311013 -1.555619 
1.077876 -0.49124 0.324936 
2.443645 -0.136184 -0.172888 
2.343527 0.189961 -1.2175 
-3.371665 -0.843336 -1.610034 
-1.648856 -1.368052 1.776959 
-0.117899 1.117625 -0.043621 
-0.824598 2.629358 -0.319222 
-1.646831 2.349368 -0.761753 
-2.818065 0.909316 0.091611 
3.051388 1.017849 0.638846 
3.170124 0.735562 1.693012 
4.041753 1.28459 0.252017 
2.407456 1.900352 0.591126 
3.362243 -1.382029 -0.152358 
2.947984 -2.201412 -0.751328 
4.350073 -1.133515 -0.558742 
3.50279 -1.748991 0.871628 
0.958519 -0.604552 1.400695 

-3.200886 -1.105689 -0.543882 
-2.759656 -2.109042 -0.498755 
-4.176621 -1.155287 -0.048004 
-2.299973 -0.06282 0.134618 
-2.081445 -0.36496 1.622565 
-1.441771 0.396135 2.078327 
-3.038559 -0.373908 2.156252 
-0.983171 0.109408 -0.650033 
-1.222607 0.392063 -1.685892 
0.00574 -1.071303 -0.587344 
-0.440471 -1.990874 -0.190256 
0.414115 -1.296282 -1.578347 
1.06874 -0.488631 0.312698 
2.441392 -0.138731 -0.169669 
2.353454 0.189835 -1.21455 
-3.374797 -0.864917 -1.599969 
-1.615978 -1.347101 1.774799 
-0.111587 1.122893 -0.082896 
-0.809223 2.636455 -0.3691 
-1.700718 2.359319 -0.649248 
-2.826123 0.90274 0.081374 
3.045238 1.011261 0.650631 
3.152947 0.726157 1.705246 
4.040159 1.275575 0.273966 
2.404937 1.896188 0.598764 
3.354439 -1.38845 -0.141684 
2.943236 -2.204836 -0.746826 
4.34764 -1.143311 -0.536877 
3.482379 -1.758129 0.882993 
0.937183 -0.601912 1.387085 

-3.194519 -1.115602 -0.537673 
-2.74788 -2.116179 -0.48716 
-4.167402 -1.166258 -0.036346 
-2.295432 -0.062705 0.128276 
-2.068346 -0.352579 1.617472 
-1.429891 0.414171 2.065618 
-3.022719 -0.363053 2.156031 
-0.984966 0.110627 -0.667373 
-1.234137 0.391128 -1.700606 
0.005096 -1.06921 -0.60376 
-0.440757 -1.991793 -0.213115 
0.41926 -1.28847 -1.593595 
1.061886 -0.486677 0.303652 
2.439259 -0.140678 -0.168217 
2.359787 0.188401 -1.213569 
-3.374688 -0.883276 -1.59448 
-1.596842 -1.331086 1.77374 
-0.105997 1.125588 -0.113699 
-0.796082 2.637426 -0.417083 
-1.72793 2.374584 -0.529781 
-2.833283 0.896773 0.068905 
3.039722 1.007695 0.656809 
3.139969 0.721762 1.711964 
4.037591 1.270551 0.28698 
2.40139 1.893844 0.601171 
3.348814 -1.392673 -0.133662 
2.940052 -2.207759 -0.742209 
4.345634 -1.150065 -0.521249 
3.468032 -1.763095 0.891816 
0.922393 -0.599549 1.377132 

-3.189224 -1.123987 -0.538167 
-2.739603 -2.122661 -0.478892 
-4.16232 -1.173243 -0.037112 
-2.293753 -0.062663 0.119695 
-2.065545 -0.341275 1.610933 
-1.428568 0.429312 2.054855 
-3.019588 -0.351314 2.150114 
-0.985464 0.109836 -0.679747 
-1.238521 0.388856 -1.711644 
0.004406 -1.070362 -0.612404 
-0.441894 -1.993029 -0.2224 
0.421122 -1.289857 -1.601099 
1.058436 -0.486291 0.297194 
2.438354 -0.143618 -0.170074 
2.363655 0.181118 -1.217116 
-3.368975 -0.900506 -1.596834 
-1.590886 -1.317227 1.773061 
-0.101065 1.124972 -0.133894 
-0.789789 2.632695 -0.444621 
-1.733291 2.394411 -0.3874 
-2.839171 0.892292 0.050323 
3.035605 1.008183 0.652574 
3.131223 0.72683 1.709411 
4.035158 1.269234 0.285997 
2.397673 1.894196 0.590247 
3.347012 -1.395828 -0.12603 
2.940621 -2.213121 -0.733214 
4.345898 -1.155533 -0.509753 
3.461002 -1.762212 0.901512 
0.915506 -0.597365 1.370471 

-3.185794 -1.130468 -0.543669 
-2.73544 -2.128106 -0.473979 
-4.161061 -1.176417 -0.046504 
-2.294382 -0.062477 0.109161 
-2.071212 -0.330693 1.603179 
-1.434602 0.441344 2.045537 
-3.026829 -0.337042 2.139673 
-0.984849 0.106664 -0.688304 
-1.237364 0.384359 -1.719966 
0.004301 -1.074332 -0.614979 
-0.442891 -1.994926 -0.221109 
0.421316 -1.298659 -1.602475 
1.057964 -0.487049 0.292858 
2.438717 -0.146907 -0.174339 
2.365893 0.169997 -1.223912 
-3.360914 -0.915568 -1.604788 
-1.597292 -1.305666 1.772992 
-0.097232 1.121895 -0.146022 
-0.793256 2.622447 -0.455352 
-1.718249 2.413519 -0.229466 
-2.842189 0.890046 0.026327 
3.032956 1.011885 0.640755 
3.126677 0.73873 1.69993 
4.033012 1.271329 0.274367 
2.394005 1.896563 0.570229 
3.3486 -1.397638 -0.118995 
2.944379 -2.219757 -0.721094 
4.348232 -1.15932 -0.502049 
3.460424 -1.756415 0.911485 
0.915094 -0.595496 1.366497 

-3.185989 -1.133231 -0.55314 
-2.737854 -2.131242 -0.474433 
-4.164422 -1.174338 -0.061735 
-2.296762 -0.06264 0.098282 
-2.082865 -0.324267 1.595003 
-1.44491 0.446087 2.038892 
-3.04125 -0.324333 2.12664 
-0.98333 0.100276 -0.692812 
-1.231317 0.375071 -1.725755 
0.00507 -1.081324 -0.610454 
-0.443026 -1.99793 -0.208407 
0.420891 -1.31482 -1.596365 
1.0599 -0.488094 0.291998 
2.439716 -0.149208 -0.17942 
2.365454 0.158451 -1.231653 
-3.354145 -0.924302 -1.616504 
-1.613699 -1.300257 1.772086 
-0.095711 1.116831 -0.151131 
-0.804671 2.60743 -0.460436 
-1.682898 2.433505 -0.075025 
-2.840024 0.890795 0.002648 
3.031767 1.018263 0.624912 
3.12675 0.754837 1.686453 
4.031025 1.276793 0.255676 
2.390584 1.900694 0.546702 
3.352618 -1.397118 -0.113913 
2.949834 -2.22531 -0.708605 
4.351515 -1.159947 -0.499624 
3.465852 -1.74678 0.919556 
0.919909 -0.592045 1.366551 

-3.190798 -1.131182 -0.563751 
-2.747358 -2.131189 -0.482291 
-4.171303 -1.167505 -0.076006 
-2.299295 -0.063789 0.089364 
-2.093704 -0.326075 1.587364 
-1.449028 0.437078 2.034569 
-3.053894 -0.315674 2.1157 
-0.982237 0.09172 -0.695539 
-1.225244 0.3624 -1.73028 
0.006553 -1.089271 -0.603796 
-0.441587 -2.001926 -0.192877 
0.421101 -1.33218 -1.588018 
1.062561 -0.488602 0.292169 
2.441015 -0.150682 -0.184307 
2.365076 0.145765 -1.239644 
-3.35413 -0.922544 -1.627884 
-1.635281 -1.306622 1.767612 
-0.097445 1.111581 -0.154017 
-0.824497 2.589405 -0.468745 
-1.631194 2.458804 0.062321 
-2.831902 0.894049 -0.013065 
3.030294 1.027041 0.607106 
3.126085 0.77552 1.671471 
4.028869 1.284058 0.234949 
2.386778 1.906863 0.519174 
3.357668 -1.395054 -0.106467 
2.956818 -2.230531 -0.692186 
4.355686 -1.159142 -0.495236 
3.472476 -1.73362 0.930529 
0.925929 -0.586853 1.367769 

-3.196432 -1.128891 -0.576871 
-2.758576 -2.131299 -0.492812 
-4.180042 -1.160367 -0.09494 
-2.303505 -0.065872 0.080886 
-2.109209 -0.330256 1.580185 
-1.458204 0.425018 2.032103 
-3.072026 -0.308849 2.103458 
-0.980818 0.082226 -0.694151 
-1.215458 0.349631 -1.731339 
0.007831 -1.098505 -0.592236 
-0.440796 -2.0058 -0.170202 
0.419826 -1.353242 -1.57461 
1.06653 -0.490379 0.295332 
2.441995 -0.151659 -0.189504 
2.361517 0.133537 -1.247609 
-3.352668 -0.919515 -1.641916 
-1.662752 -1.315738 1.76394 
-0.10133 1.105095 -0.148619 
-0.846249 2.570183 -0.471503 
-1.562053 2.492842 0.185176 
-2.823401 0.89725 -0.027348 
3.02919 1.036703 0.587505 
3.12816 0.797353 1.654388 
4.0261 1.292853 0.210298 
2.382526 1.913318 0.491052 
3.364014 -1.391351 -0.101742 
2.964489 -2.234558 -0.677172 
4.359795 -1.155655 -0.496348 
3.483619 -1.718475 0.93839 
0.935938 -0.583754 1.372195 

-3.203946 -1.125599 -0.587907 
-2.770859 -2.130597 -0.507908 
-4.188603 -1.155041 -0.107849 
-2.307349 -0.069705 0.075797 
-2.121195 -0.340569 1.575097 
-1.463997 0.406314 2.032354 
-3.085603 -0.310091 2.095063 
-0.980874 0.07249 -0.692237 
-1.209295 0.335934 -1.731604 
0.009072 -1.106649 -0.581943 
-0.438907 -2.01003 -0.150966 
0.419508 -1.370436 -1.562643 
1.069149 -0.491095 0.298644 
2.442056 -0.151457 -0.192984 
2.357882 0.123974 -1.253389 
-3.357623 -0.910635 -1.652219 
-1.685944 -1.331153 1.758803 
-0.107724 1.09964 -0.144218 
-0.869173 2.551412 -0.484353 
-1.478453 2.540098 0.275823 
-2.813909 0.899536 -0.032685 
3.02716 1.045953 0.571633 
3.127922 0.817448 1.640727 
4.022987 1.300951 0.190796 
2.378155 1.919909 0.467052 
3.368808 -1.386954 -0.096532 
2.970662 -2.236742 -0.663135 
4.362697 -1.151389 -0.495967 
3.492335 -1.704185 0.946207 
0.943075 -0.57949 1.376528 

-3.210859 -1.124059 -0.597741 
-2.782036 -2.131363 -0.521605 
-4.19706 -1.152185 -0.120658 
-2.312045 -0.074809 0.073201 
-2.133379 -0.353252 1.572027 
-1.473123 0.387466 2.035015 
-3.099546 -0.317704 2.08847 
-0.982034 0.063666 -0.688074 
-1.204325 0.324501 -1.729347 
0.009207 -1.114077 -0.571506 
-0.437962 -2.01398 -0.132611 
0.417753 -1.385634 -1.550936 
1.070911 -0.492519 0.302711 
2.440893 -0.150596 -0.195601 
2.352456 0.11745 -1.257544 
-3.360946 -0.903466 -1.661445 
-1.705866 -1.347524 1.754564 
-0.115188 1.094279 -0.13691 
-0.88759 2.534487 -0.500079 
-1.379416 2.601283 0.338015 
-2.807606 0.899573 -0.033277 
3.023952 1.054155 0.559016 
3.127093 0.834105 1.62966 
4.018414 1.309138 0.174626 
2.372374 1.92548 0.448614 
3.372823 -1.381742 -0.09372 
2.976088 -2.236934 -0.653089 
4.364488 -1.14511 -0.498032 
3.500963 -1.69128 0.950777 
0.949578 -0.577505 1.381465 

-3.216751 -1.125267 -0.605677 
-2.790327 -2.134075 -0.533976 
-4.204028 -1.153925 -0.130752 
-2.3172 -0.081207 0.072116 
-2.143922 -0.366802 1.570189 
-1.482427 0.369906 2.037747 
-3.111466 -0.328804 2.083944 
-0.984463 0.056578 -0.683548 
-1.201845 0.3157 -1.726303 
0.009065 -1.118949 -0.562842 
-0.436602 -2.01674 -0.11825 
0.41637 -1.395697 -1.541388 
1.071548 -0.492368 0.306581 
2.439198 -0.148866 -0.1971 
2.347263 0.113941 -1.260056 
-3.364511 -0.899102 -1.668576 
-1.721278 -1.363572 1.751051 
-0.12471 1.090863 -0.128786 
-0.908335 2.519527 -0.514659 
-1.27251 2.669513 0.375974 
-2.80468 0.896965 -0.031319 
3.021674 1.060781 0.550041 
3.126192 0.847098 1.621834 
4.015376 1.31491 0.163139 
2.369025 1.930734 0.435133 
3.37453 -1.377183 -0.091948 
2.977939 -2.236197 -0.645487 
4.364284 -1.140324 -0.500791 
3.506831 -1.680963 0.953722 
0.953772 -0.57463 1.385974 

-3.220842 -1.130089 -0.611227 
-2.794401 -2.139288 -0.543443 
-4.208965 -1.161284 -0.138141 
-2.322934 -0.088579 0.072555 
-2.153421 -0.379706 1.569913 
-1.492478 0.355335 2.040711 
-3.122146 -0.341533 2.081481 
-0.988062 0.051162 -0.678362 
-1.201454 0.309495 -1.72224 
0.008349 -1.121718 -0.5553 
-0.435216 -2.018559 -0.106845 
0.414983 -1.401489 -1.53331 
1.070817 -0.490793 0.310725 
2.436525 -0.145685 -0.197142 
2.34126 0.115881 -1.260113 
-3.367136 -0.899395 -1.673404 
-1.732885 -1.377741 1.749381 
-0.135347 1.088893 -0.120116 
-0.927883 2.506779 -0.530409 
-1.158384 2.743898 0.385342 
-2.806242 0.89147 -0.027927 
3.020185 1.065194 0.546929 
3.126689 0.853476 1.618907 
4.013048 1.319123 0.157781 
2.367314 1.934951 0.431589 
3.373577 -1.372865 -0.093486 
2.976147 -2.232818 -0.644919 
4.361843 -1.135428 -0.50559 
3.509301 -1.675429 0.952094 
0.955771 -0.571415 1.390554 

-3.223902 -1.137223 -0.613843 
-2.795822 -2.146058 -0.549562 
-4.212361 -1.172063 -0.141656 
-2.328616 -0.096382 0.074345 
-2.160191 -0.391737 1.570911 
-1.501962 0.344389 2.043588 
-3.12969 -0.35662 2.081279 
-0.992794 0.047274 -0.673869 
-1.204071 0.305526 -1.71835 
0.007195 -1.122451 -0.550596 
-0.433686 -2.019811 -0.100642 
0.4139 -1.402538 -1.528518 
1.068616 -0.488116 0.313962 
2.433207 -0.141477 -0.195849 
2.335792 0.122252 -1.258096 
-3.37005 -0.903064 -1.675334 
-1.738011 -1.389462 1.748858 
-0.146623 1.088308 -0.113018 
-0.94853 2.495682 -0.545269 
-1.040477 2.818647 0.368438 
-2.810698 0.884229 -0.022663 
3.018895 1.067529 0.549501 
3.126309 0.85419 1.621049 
4.011485 1.321454 0.159697 
2.366956 1.938297 0.436206 
3.370484 -1.36892 -0.096753 
2.971583 -2.227684 -0.648925 
4.357787 -1.130797 -0.510775 
3.508611 -1.673554 0.947906 
0.954677 -0.567974 1.393968 

-3.225265 -1.14747 -0.613508 
-2.793632 -2.154972 -0.550971 
-4.213735 -1.186861 -0.141671 
-2.33426 -0.10428 0.076716 
-2.164888 -0.400936 1.572814 
-1.511877 0.339483 2.045759 
-3.13496 -0.371869 2.082508 
-0.998399 0.044815 -0.670384 
-1.209147 0.303313 -1.715085 
0.005867 -1.121159 -0.548201 
-0.431685 -2.020378 -0.098777 
0.413638 -1.399251 -1.526267 
1.06501 -0.483706 0.31664 
2.429308 -0.135824 -0.19309 
2.330588 0.134331 -1.253616 
-3.372211 -0.912162 -1.674686 
-1.737119 -1.396464 1.750304 
-0.158235 1.089139 -0.107936 
-0.971168 2.486376 -0.557442 
-0.922241 2.889454 0.327168 
-2.818343 0.875257 -0.017874 
3.01879 1.067265 0.558581 
3.127336 0.847435 1.628676 
4.011204 1.32181 0.168795 
2.368893 1.940434 0.451716 
3.364751 -1.365433 -0.10305 
2.963246 -2.220089 -0.659638 
4.351655 -1.126526 -0.517582 
3.504302 -1.676581 0.939485 
0.950588 -0.563307 1.396602 

-3.225195 -1.159667 -0.610505 
-2.788661 -2.165132 -0.548484 
-4.213243 -1.204131 -0.138224 
-2.33936 -0.111936 0.079584 
-2.166826 -0.407824 1.575379 
-1.520628 0.339034 2.047274 
-3.137028 -0.387014 2.085255 
-1.004626 0.043908 -0.66839 
-1.216791 0.302812 -1.712862 
0.004545 -1.117729 -0.548574 
-0.429123 -2.020036 -0.101589 
0.414298 -1.391648 -1.526997 
1.060185 -0.477473 0.31829 
2.425208 -0.129092 -0.189123 
2.326549 0.150587 -1.24721 
-3.374002 -0.924993 -1.671614 
-1.730576 -1.399763 1.752853 
-0.169751 1.091594 -0.105636 
-0.997552 2.479039 -0.564695 
-0.808351 2.952793 0.264163 
-2.828067 0.865211 -0.013042 
3.019899 1.064724 0.572887 
3.129141 0.834631 1.640716 
4.0125 1.319965 0.184107 
2.373273 1.941524 0.475663 
3.356697 -1.3626 -0.110877 
2.951654 -2.210857 -0.674585 
4.343919 -1.123341 -0.524455 
3.496308 -1.683403 0.928703 
0.943618 -0.557341 1.397975 

-3.224544 -1.171648 -0.60601 
-2.782526 -2.17478 -0.544594 
-4.211619 -1.221501 -0.132236 
-2.34369 -0.118761 0.082726 
-2.166459 -0.413185 1.578175 
-1.526791 0.340251 2.04823 
-3.136213 -0.40079 2.089188 
-1.010925 0.044001 -0.66766 
-1.225889 0.303736 -1.711473 
0.003092 -1.113368 -0.551115 
-0.426704 -2.019397 -0.107903 
0.415251 -1.381732 -1.530064 
1.05474 -0.471088 0.318988 
2.421076 -0.122284 -0.184579 
2.323564 0.167905 -1.239977 
-3.376387 -0.938038 -1.666965 
-1.72128 -1.40128 1.755374 
-0.180076 1.094447 -0.105315 
-1.025996 2.47369 -0.562697 
-0.700669 3.00503 0.184925 
-2.838108 0.855491 -0.007891 
3.02073 1.061137 0.589446 
3.13054 0.819211 1.654553 
4.013544 1.317702 0.202152 
2.377357 1.941583 0.503378 
3.348145 -1.359922 -0.118472 
2.939839 -2.201106 -0.690298 
4.336111 -1.120239 -0.530026 
3.486801 -1.69126 0.917908 
0.935098 -0.551959 1.39822 

-3.223019 -1.183241 -0.600201 
-2.775477 -2.183897 -0.538297 
-4.208926 -1.237882 -0.124542 
-2.346998 -0.124351 0.085638 
-2.163976 -0.415669 1.580915 
-1.531394 0.345318 2.048129 
-3.132922 -0.412357 2.093602 
-1.016827 0.045031 -0.668312 
-1.235676 0.306111 -1.711047 
0.00151 -1.108623 -0.555868 
-0.424948 -2.018697 -0.117681 
0.416327 -1.370369 -1.535478 
1.04899 -0.465709 0.318714 
2.41698 -0.116005 -0.179728 
2.321405 0.185394 -1.232209 
-3.378214 -0.951993 -1.661227 
-1.708669 -1.399169 1.758323 
-0.188437 1.09715 -0.1066 
-1.055642 2.470311 -0.548549 
-0.603161 3.044442 0.093799 
-2.848095 0.846479 -0.003595 
3.020595 1.056475 0.607601 
3.130371 0.801774 1.669679 
4.01378 1.315068 0.222668 
2.380107 1.940196 0.533349 
3.339907 -1.357416 -0.125999 
2.929111 -2.191123 -0.706852 
4.328897 -1.116719 -0.53449 
3.476801 -1.699991 0.906937 
0.925614 -0.548694 1.397309 

-3.221106 -1.193066 -0.59401 
-2.768499 -2.191404 -0.531661 
-4.205693 -1.251933 -0.116154 
-2.34921 -0.128581 0.088583 
-2.160249 -0.416586 1.583689 
-1.534225 0.351459 2.047934 
-3.128174 -0.421795 2.09828 
-1.021908 0.046653 -0.669459 
-1.245193 0.309348 -1.710846 
4.3e-05 -1.103998 -0.56134 
-0.423768 -2.018015 -0.128744 
0.417477 -1.358853 -1.541648 
1.043538 -0.461571 0.318282 
2.413177 -0.110374 -0.174595 
2.319712 0.202483 -1.223985 
-3.379811 -0.964181 -1.655061 
-1.695356 -1.395628 1.761173 
-0.194628 1.099553 -0.108454 
-1.084073 2.468349 -0.524024 
-0.520009 3.071352 -0.009125 
-2.856972 0.838829 0.000559 
3.019693 1.051195 0.626473 
3.129742 0.783196 1.685195 
4.013001 1.312899 0.244007 
2.38111 1.937363 0.56474 
3.332658 -1.354882 -0.133497 
2.919986 -2.181098 -0.72359 
4.322612 -1.112528 -0.538669 
3.467791 -1.70886 0.895799 
0.916345 -0.547482 1.396136 

'WARNING: The zero of the relative energy is arbitrary minimum'

0	0.0
10	17.6530030072
20	51.5835615546
30	90.5166053325
40	123.565314814
50	143.870229796
60	147.563109934
70	138.384680837
80	124.28826423
90	112.604532242
100	111.042311803
110	127.805564672
120	171.350428909
130	248.380537644
140	364.551093698
150	522.072865069
160	719.41479665
170	943.127044186
180	1202.79143104
190	1490.913996
200	1791.20533188
210	2070.19643532
220	2268.92325185
230	2366.25256924
240	2353.81362504
250	2235.85040019
260	2025.34459966
270	1742.61759906
280	1417.91651413
290	1084.79791871
300	773.12879847
310	506.71403034
320	296.500350565
330	146.296960786
340	51.8835833669
350	5.81344404817
360	-2.6863694787
370	15.2425131351
380	49.1588058323
390	87.9860628545
400	121.164481819






