TS_3e_35_7_4_5_1_scan_b3631gd
Calculated at [      ] level of theory      

30               !Number of atoms in the molecule

0, 41, 10.0       ! Minumum angle, No. of Points and Stepsize (in degrees)

12.011
1.008
1.008
12.011
12.011
1.008
1.008
12.011
1.008
12.011
1.008
1.008
12.011
12.011
1.008
1.008
1.008
15.999
15.999
1.008
1.008
12.011
1.008
1.008
1.008
12.011
1.008
1.008
1.008
1.008

-3.235677 -1.14742 -0.55312 
-2.808127 -2.155176 -0.47026 
-4.219793 -1.170565 -0.0712 
-2.333342 -0.092255 0.103227 
-2.149842 -0.354174 1.604115 
-1.489047 0.394189 2.053173 
-3.114552 -0.309076 2.122747 
-1.004715 0.033404 -0.660895 
-1.225483 0.270149 -1.708654 
-0.005451 -1.135466 -0.524215 
-0.442081 -2.020981 -0.04745 
0.387443 -1.439374 -1.5007 
1.068967 -0.484145 0.311003 
2.426949 -0.152805 -0.226111 
2.31378 0.094493 -1.290766 
-3.391686 -0.937066 -1.618233 
-1.724265 -1.347048 1.800644 
-0.152686 1.08485 -0.130486 
-0.962283 2.47806 -0.596956 
-0.931728 2.883246 0.287524 
-2.814671 0.88677 -0.009714 
3.031114 1.064318 0.490389 
3.155021 0.867301 1.563254 
4.018276 1.307216 0.080346 
2.381987 1.936855 0.374222 
3.359181 -1.383781 -0.122763 
2.946417 -2.248907 -0.654406 
4.340685 -1.157956 -0.55695 
3.513083 -1.672537 0.924188 
0.970539 -0.540275 1.394033 

-3.224727 -1.153179 -0.5569 
-2.79985 -2.159026 -0.443671 
-4.220216 -1.1667 -0.098782 
-2.338696 -0.083175 0.100247 
-2.166265 -0.335357 1.604664 
-1.641762 0.499715 2.080619 
-3.139836 -0.4481 2.094907 
-1.00433 0.038164 -0.654366 
-1.217577 0.277757 -1.703129 
-0.010137 -1.13493 -0.515749 
-0.449635 -2.016777 -0.034842 
0.378093 -1.444387 -1.492325 
1.069899 -0.486621 0.314529 
2.425799 -0.158117 -0.22969 
2.307041 0.092139 -1.293077 
-3.354877 -0.964605 -1.629609 
-1.584908 -1.244007 1.806767 
-0.150261 1.085051 -0.117137 
-0.957836 2.481425 -0.574111 
-0.918802 2.884448 0.310995 
-2.828852 0.889525 -0.025426 
3.03763 1.055558 0.486079 
3.167575 0.855496 1.557668 
4.02289 1.29695 0.070601 
2.390101 1.930085 0.376096 
3.355177 -1.391927 -0.135163 
2.936681 -2.25453 -0.666442 
4.334627 -1.167824 -0.574855 
3.514723 -1.683802 0.910074 
0.976344 -0.541406 1.398013 

-3.205565 -1.160824 -0.583669 
-2.785568 -2.163021 -0.428521 
-4.219878 -1.164929 -0.168914 
-2.350109 -0.072842 0.086779 
-2.221676 -0.304669 1.600693 
-1.860271 0.599946 2.101139 
-3.187684 -0.571949 2.042942 
-0.993448 0.039509 -0.627316 
-1.173543 0.285612 -1.681006 
-0.01438 -1.14481 -0.46945 
-0.463077 -2.006124 0.038643 
0.358099 -1.486741 -1.441464 
1.083783 -0.496679 0.337117 
2.425104 -0.164283 -0.240341 
2.279386 0.086349 -1.300342 
-3.289338 -0.997822 -1.665245 
-1.506072 -1.101076 1.83938 
-0.144098 1.075805 -0.061532 
-0.941603 2.480489 -0.504057 
-0.902213 2.872594 0.385917 
-2.844947 0.892377 -0.069665 
3.051202 1.050758 0.460524 
3.207197 0.85092 1.528691 
4.02571 1.29436 0.021602 
2.399054 1.923623 0.365943 
3.359893 -1.395533 -0.169997 
2.930063 -2.259385 -0.690119 
4.327021 -1.169029 -0.63501 
3.547374 -1.686924 0.870735 
1.017598 -0.553859 1.422526 

-3.179468 -1.165519 -0.626314 
-2.767109 -2.163578 -0.430045 
-4.213904 -1.163293 -0.264801 
-2.361691 -0.061748 0.066681 
-2.301195 -0.268097 1.591674 
-2.12611 0.684197 2.103605 
-3.237477 -0.686937 1.975902 
-0.973416 0.038821 -0.584857 
-1.102426 0.294319 -1.644106 
-0.018399 -1.161449 -0.397239 
-0.480318 -1.98781 0.154035 
0.327694 -1.554504 -1.359955 
1.107182 -0.513652 0.371319 
2.423668 -0.173097 -0.256989 
2.237422 0.071505 -1.31211 
-3.207296 -1.023818 -1.71387 
-1.479552 -0.92886 1.892229 
-0.134311 1.058665 0.02486 
-0.916341 2.476001 -0.397177 
-0.886433 2.847392 0.501984 
-2.853559 0.896717 -0.130792 
3.065373 1.05025 0.414816 
3.259508 0.85755 1.478063 
4.022555 1.297591 -0.058839 
2.403987 1.917794 0.33777 
3.370165 -1.396572 -0.215448 
2.927984 -2.266928 -0.713954 
4.317356 -1.165594 -0.717791 
3.599007 -1.680419 0.819092 
1.085117 -0.577084 1.458244 

-3.112149 -1.170963 -0.723723 
-2.727565 -2.162564 -0.45295 
-4.179719 -1.155948 -0.477266 
-2.37054 -0.045869 0.019917 
-2.470616 -0.20204 1.552283 
-2.516418 0.779027 2.037171 
-3.367828 -0.757981 1.844538 
-0.919164 0.027768 -0.479278 
-0.926093 0.294771 -1.544302 
-0.021749 -1.200871 -0.21416 
-0.507209 -1.931237 0.441182 
0.25639 -1.71549 -1.142026 
1.1625 -0.549648 0.457468 
2.409581 -0.186234 -0.289972 
2.12696 0.041799 -1.32747 
-3.021501 -1.06321 -1.811881 
-1.597148 -0.706191 1.980806 
-0.116797 1.013835 0.22646 
-0.871206 2.45457 -0.159634 
-0.85395 2.790264 0.753744 
-2.835578 0.904459 -0.259758 
3.079804 1.059219 0.310192 
3.368369 0.884006 1.354953 
3.987621 1.320243 -0.246269 
2.394461 1.910784 0.280576 
3.384192 -1.387464 -0.320803 
2.919557 -2.274426 -0.76692 
4.276582 -1.142567 -0.909506 
3.712068 -1.651858 0.69199 
1.245159 -0.624337 1.540625 

-3.116639 -1.153243 -0.734369 
-2.733687 -2.149279 -0.477702 
-4.182868 -1.137768 -0.48217 
-2.367345 -0.040808 0.01945 
-2.471607 -0.204542 1.554594 
-2.69524 0.754429 2.034017 
-3.265151 -0.90505 1.836202 
-0.914413 0.02807 -0.475504 
-0.916468 0.291141 -1.541468 
-0.02309 -1.202725 -0.200447 
-0.512501 -1.922146 0.464191 
0.250326 -1.729464 -1.123006 
1.165355 -0.551126 0.463391 
2.409458 -0.191697 -0.290902 
2.12264 0.033334 -1.327892 
-3.031215 -1.031926 -1.821507 
-1.534572 -0.553053 2.002252 
-0.11165 1.013503 0.230007 
-0.85856 2.457248 -0.16143 
-0.8693 2.78238 0.755927 
-2.821523 0.915205 -0.257926 
3.083641 1.054883 0.302521 
3.376547 0.882414 1.346549 
3.989372 1.31322 -0.258582 
2.39901 1.907029 0.273362 
3.382321 -1.394311 -0.321911 
2.91462 -2.28216 -0.76304 
4.27249 -1.152573 -0.915252 
3.71422 -1.655748 0.690344 
1.253843 -0.623396 1.546288 

-3.128822 -1.123822 -0.748219 
-2.747756 -2.127859 -0.521182 
-4.19161 -1.109324 -0.481712 
-2.363204 -0.036517 0.0238 
-2.471262 -0.22136 1.558686 
-2.870826 0.678365 2.038177 
-3.135292 -1.051913 1.823086 
-0.909714 0.027351 -0.469999 
-0.909877 0.283728 -1.537504 
-0.023458 -1.204547 -0.183476 
-0.516117 -1.912662 0.49095 
0.245804 -1.744035 -1.099972 
1.169055 -0.551052 0.471205 
2.41026 -0.198485 -0.291045 
2.119684 0.016646 -1.329076 
-3.056588 -0.975219 -1.832852 
-1.497911 -0.413123 2.022484 
-0.105158 1.014825 0.229922 
-0.841337 2.460478 -0.176189 
-0.876824 2.782435 0.74171 
-2.801201 0.930987 -0.239828 
3.08647 1.053825 0.287965 
3.383121 0.891449 1.332558 
3.990232 1.306678 -0.278812 
2.401613 1.905554 0.252968 
3.382916 -1.401422 -0.313919 
2.913492 -2.293569 -0.744433 
4.270845 -1.165662 -0.912979 
3.718632 -1.652875 0.69961 
1.262847 -0.617033 1.554063 

-3.128966 -1.102864 -0.770262 
-2.754607 -2.112322 -0.556145 
-4.192632 -1.0859 -0.507151 
-2.359447 -0.033688 0.020621 
-2.495735 -0.223046 1.552373 
-3.071248 0.590156 2.006144 
-3.008981 -1.159514 1.801327 
-0.897602 0.023166 -0.448803 
-0.878927 0.272668 -1.517836 
-0.021984 -1.210761 -0.139797 
-0.517918 -1.895507 0.556018 
0.234967 -1.776651 -1.044124 
1.180242 -0.55365 0.492815 
2.407291 -0.20318 -0.293151 
2.098168 0.007678 -1.326722 
-3.051954 -0.938321 -1.852198 
-1.52042 -0.24652 2.049468 
-0.098796 1.01046 0.257192 
-0.823967 2.458886 -0.161206 
-0.873609 2.781044 0.756011 
-2.778275 0.942637 -0.242766 
3.092962 1.051878 0.268515 
3.409242 0.893545 1.307974 
3.985786 1.303545 -0.315876 
2.40666 1.902788 0.243106 
3.38008 -1.405646 -0.329235 
2.903167 -2.299892 -0.746987 
4.256242 -1.171944 -0.946167 
3.735255 -1.652548 0.678753 
1.293018 -0.61465 1.574095 

-3.162132 -1.069823 -0.760694 
-2.785736 -2.087347 -0.592682 
-4.215056 -1.056761 -0.456885 
-2.356965 -0.031668 0.033932 
-2.461925 -0.251975 1.561761 
-3.173856 0.442079 2.019689 
-2.803448 -1.267344 1.799688 
-0.90526 0.024202 -0.465901 
-0.908318 0.26802 -1.536161 
-0.022803 -1.207423 -0.16365 
-0.518666 -1.903788 0.520642 
0.244951 -1.760745 -1.07242 
1.17227 -0.549987 0.482272 
2.412506 -0.208944 -0.286653 
2.119848 -0.005261 -1.326392 
-3.124734 -0.870968 -1.838844 
-1.493813 -0.117646 2.055546 
-0.096606 1.01869 0.218465 
-0.814993 2.463732 -0.221434 
-0.870458 2.797663 0.691255 
-2.765909 0.957834 -0.196374 
3.092971 1.04857 0.275874 
3.391404 0.898171 1.321752 
3.996209 1.292265 -0.295745 
2.410197 1.901552 0.231775 
3.382169 -1.414452 -0.297765 
2.909364 -2.310514 -0.716283 
4.268931 -1.18803 -0.90212 
3.720149 -1.654631 0.717737 
1.267721 -0.603629 1.565601 

-3.191327 -1.050226 -0.738564 
-2.814239 -2.072137 -0.601103 
-4.233679 -1.038675 -0.399886 
-2.355256 -0.030233 0.046396 
-2.424197 -0.267819 1.569872 
-3.246474 0.29363 2.025158 
-2.589071 -1.32742 1.805373 
-0.916035 0.024931 -0.48894 
-0.945903 0.264547 -1.559507 
-0.022958 -1.203103 -0.200828 
-0.516232 -1.919894 0.463898 
0.260103 -1.733827 -1.118137 
1.160975 -0.546081 0.465926 
2.417673 -0.211369 -0.278298 
2.145211 -0.003412 -1.322612 
-3.188483 -0.832416 -1.813619 
-1.490208 0.026643 2.059879 
-0.096334 1.027063 0.17136 
-0.813862 2.466908 -0.285432 
-0.867851 2.813487 0.622633 
-2.760636 0.967006 -0.158382 
3.094998 1.040559 0.300043 
3.37279 0.885979 1.350973 
4.010218 1.280145 -0.253938 
2.4186 1.898019 0.245154 
3.380131 -1.422728 -0.27423 
2.910076 -2.314626 -0.704542 
4.279668 -1.199837 -0.860742 
3.697059 -1.668006 0.746828 
1.233256 -0.595267 1.551254 

-3.220863 -1.043389 -0.693603 
-2.840339 -2.066669 -0.577231 
-4.249024 -1.032683 -0.313927 
-2.352604 -0.029031 0.062805 
-2.361998 -0.277639 1.582094 
-3.264249 0.135741 2.045229 
-2.342127 -1.350446 1.816808 
-0.935864 0.031203 -0.5301 
-1.011103 0.270027 -1.598335 
-0.024265 -1.190992 -0.275462 
-0.512344 -1.947 0.348436 
0.285251 -1.674248 -1.209819 
1.138597 -0.53894 0.432016 
2.423538 -0.212063 -0.26552 
2.187743 0.00913 -1.315933 
-3.260027 -0.819515 -1.766645 
-1.485256 0.173378 2.058593 
-0.099514 1.041615 0.096319 
-0.824618 2.473765 -0.373461 
-0.862318 2.838022 0.52847 
-2.76565 0.970756 -0.115379 
3.094881 1.026236 0.347634 
3.337081 0.858025 1.405219 
4.02976 1.261675 -0.174297 
2.430089 1.891902 0.280118 
3.371973 -1.434322 -0.241692 
2.906897 -2.316216 -0.697248 
4.293136 -1.215444 -0.795206 
3.651548 -1.693836 0.786734 
1.16968 -0.587197 1.51937 

-3.26303 -1.054104 -0.571595 
-2.86544 -2.074595 -0.494405 
-4.250066 -1.052288 -0.094944 
-2.334347 -0.032576 0.09895 
-2.186476 -0.293233 1.60559 
-3.1129 -0.049469 2.137323 
-1.962093 -1.347651 1.815483 
-0.988231 0.05359 -0.63939 
-1.181605 0.293346 -1.69189 
-0.027254 -1.145709 -0.48097 
-0.491374 -2.000308 0.024839 
0.345565 -1.491436 -1.451571 
1.076325 -0.513882 0.331095 
2.429441 -0.212057 -0.235308 
2.299298 0.035248 -1.298056 
-3.406858 -0.830113 -1.635614 
-1.374795 0.308202 2.027416 
-0.116174 1.081145 -0.095705 
-0.880331 2.497058 -0.566809 
-0.865337 2.891187 0.323098 
-2.777515 0.96311 -0.025445 
3.073691 0.993825 0.464927 
3.215795 0.796797 1.535552 
4.056947 1.215197 0.033794 
2.44048 1.87933 0.359605 
3.337449 -1.462224 -0.148541 
2.89459 -2.319936 -0.667868 
4.313524 -1.258695 -0.605355 
3.508654 -1.751233 0.895647 
1.000081 -0.56668 1.416133 

-3.26118 -1.059141 -0.542715 
-2.860593 -2.07783 -0.458349 
-4.244107 -1.054636 -0.057811 
-2.329061 -0.026882 0.108252 
-2.147377 -0.290094 1.609169 
-3.106217 -0.205454 2.133587 
-1.759797 -1.298328 1.80647 
-1.000117 0.063401 -0.660414 
-1.218114 0.304969 -1.707638 
-0.03161 -1.131366 -0.52571 
-0.490604 -2.005216 -0.0484 
0.351698 -1.445007 -1.502899 
1.060684 -0.50853 0.307886 
2.427306 -0.216882 -0.230479 
2.320322 0.03623 -1.29442 
-3.414777 -0.847393 -1.6079 
-1.453796 0.432277 2.051234 
-0.118869 1.0923 -0.133795 
-0.8924 2.50598 -0.600379 
-0.847494 2.912058 0.28309 
-2.785059 0.964203 -0.00508 
3.06899 0.979626 0.487957 
3.189424 0.775999 1.559987 
4.061956 1.194552 0.076285 
2.445847 1.871453 0.375818 
3.321857 -1.475901 -0.131587 
2.881983 -2.32673 -0.664572 
4.309024 -1.279055 -0.567009 
3.468644 -1.771789 0.914383 
0.96145 -0.560972 1.391028 

-3.251568 -1.062891 -0.542152 
-2.85282 -2.079993 -0.434006 
-4.242903 -1.050385 -0.075059 
-2.331307 -0.018013 0.10802 
-2.154042 -0.27622 1.610753 
-3.131679 -0.350022 2.101979 
-1.620646 -1.213638 1.81242 
-1.000404 0.068497 -0.657617 
-1.2153 0.311923 -1.705142 
-0.035461 -1.129053 -0.523411 
-0.496101 -2.00152 -0.045098 
0.344711 -1.444363 -1.501238 
1.060417 -0.509477 0.307829 
2.426705 -0.221952 -0.233672 
2.317673 0.033827 -1.296795 
-3.38622 -0.869382 -1.613401 
-1.606965 0.54272 2.088539 
-0.1162 1.093978 -0.128167 
-0.889595 2.509643 -0.58604 
-0.830653 2.916543 0.296194 
-2.795758 0.967909 -0.012258 
3.07476 0.970691 0.485434 
3.197728 0.764216 1.556631 
4.067199 1.18321 0.071239 
2.454395 1.864955 0.377279 
3.31713 -1.484289 -0.140197 
2.872673 -2.332396 -0.673723 
4.303681 -1.289985 -0.578166 
3.466003 -1.782993 0.904675 
0.962561 -0.559692 1.391135 

-3.236821 -1.065939 -0.561939 
-2.843197 -2.080734 -0.419654 
-4.243734 -1.043703 -0.130081 
-2.339282 -0.007116 0.099691 
-2.193825 -0.252493 1.60989 
-3.170884 -0.485159 2.050789 
-1.529657 -1.094327 1.838521 
-0.992164 0.071248 -0.637113 
-1.182606 0.31953 -1.688414 
-0.039424 -1.135195 -0.489724 
-0.506793 -1.992403 0.008712 
0.327378 -1.47432 -1.464771 
1.071224 -0.517308 0.32321 
2.427124 -0.228722 -0.243576 
2.298585 0.025009 -1.305053 
-3.333873 -0.894091 -1.64099 
-1.817565 0.638626 2.122095 
-0.110166 1.087934 -0.086304 
-0.875641 2.510396 -0.530468 
-0.813649 2.908466 0.355558 
-2.808093 0.973257 -0.042141 
3.086316 0.96632 0.461303 
3.228108 0.76241 1.53067 
4.071192 1.178905 0.029414 
2.463013 1.859513 0.361789 
3.321146 -1.489419 -0.164057 
2.86795 -2.339623 -0.686803 
4.298899 -1.29483 -0.621213 
3.49039 -1.785271 0.878536 
0.994062 -0.569119 1.408106 

-3.214697 -1.068483 -0.601171 
-2.829234 -2.079924 -0.419174 
-4.241374 -1.037514 -0.219459 
-2.350291 0.005102 0.082123 
-2.265358 -0.215603 1.603984 
-3.217295 -0.605705 1.984703 
-1.48769 -0.933083 1.888524 
-0.973631 0.070565 -0.598531 
-1.117543 0.325921 -1.655796 
-0.043491 -1.150599 -0.4235 
-0.522773 -1.975804 0.114893 
0.298051 -1.536612 -1.390531 
1.092846 -0.533657 0.354435 
2.426599 -0.237339 -0.259461 
2.260454 0.01152 -1.316917 
-3.259128 -0.918778 -1.687059 
-2.081335 0.724665 2.133064 
-0.099807 1.072357 -0.008208 
-0.849383 2.506752 -0.43329 
-0.803711 2.882471 0.463415 
-2.816866 0.979664 -0.097375 
3.100511 0.965305 0.418194 
3.2777 0.767305 1.483414 
4.069804 1.181732 -0.045918 
2.468342 1.853796 0.33436 
3.332128 -1.491049 -0.205735 
2.867119 -2.347324 -0.707809 
4.291706 -1.2919 -0.69807 
3.540315 -1.780344 0.831659 
1.056046 -0.591592 1.441223 

-3.140539 -1.077327 -0.712299 
-2.785934 -2.080462 -0.443144 
-4.206439 -1.029685 -0.462871 
-2.362554 0.023717 0.029861 
-2.459152 -0.13378 1.562454 
-3.375025 -0.669742 1.839248 
-1.616977 -0.688565 1.989358 
-0.912578 0.056775 -0.478177 
-0.918204 0.322651 -1.543478 
-0.047881 -1.195836 -0.216269 
-0.550813 -1.913845 0.439559 
0.213934 -1.716791 -1.14533 
1.155214 -0.577141 0.452661 
2.411157 -0.251312 -0.297115 
2.133591 -0.017456 -1.33467 
-3.049374 -0.971628 -1.800606 
-2.508843 0.840952 2.058031 
-0.079516 1.021204 0.221793 
-0.794155 2.482235 -0.163446 
-0.775817 2.81328 0.75163 
-2.800922 0.98816 -0.24443 
3.117682 0.975683 0.299484 
3.402184 0.794525 1.344347 
4.032089 1.209328 -0.258395 
2.45719 1.846642 0.268761 
3.350889 -1.480025 -0.326475 
2.86015 -2.354484 -0.769294 
4.248752 -1.262316 -0.917513 
3.672999 -1.750937 0.686461 
1.236906 -0.651974 1.535851 

-3.14199 -1.059594 -0.72877 
-2.79041 -2.067117 -0.472106 
-4.207638 -1.011436 -0.478292 
-2.360114 0.02864 0.027083 
-2.469893 -0.134374 1.562115 
-3.280509 -0.822025 1.830123 
-1.550188 -0.520765 2.013417 
-0.905908 0.055827 -0.468428 
-0.900963 0.31845 -1.534522 
-0.049946 -1.199916 -0.193884 
-0.556987 -1.902907 0.475041 
0.203477 -1.7371 -1.116169 
1.159903 -0.581378 0.462906 
2.409019 -0.257409 -0.299075 
2.122567 -0.026998 -1.334984 
-3.050937 -0.940194 -1.815664 
-2.694854 0.821225 2.046598 
-0.074506 1.017721 0.23621 
-0.780136 2.482702 -0.153159 
-0.786238 2.804561 0.765409 
-2.785347 0.998343 -0.248631 
3.12006 0.971829 0.287597 
3.413617 0.793949 1.330535 
4.029595 1.20408 -0.278773 
2.458802 1.842291 0.259872 
3.348859 -1.485891 -0.332425 
2.854677 -2.36202 -0.768061 
4.241528 -1.269846 -0.931873 
3.67979 -1.753268 0.67861 
1.252683 -0.655535 1.545288 

-3.1546 -1.030633 -0.743983 
-2.804727 -2.046182 -0.518034 
-4.216725 -0.984087 -0.478484 
-2.357063 0.03151 0.030555 
-2.470675 -0.153589 1.565076 
-3.147709 -0.974957 1.825808 
-1.501698 -0.363659 2.029931 
-0.902299 0.054493 -0.463173 
-0.895369 0.311735 -1.530469 
-0.051346 -1.202415 -0.178339 
-0.561552 -1.894508 0.49956 
0.197722 -1.75119 -1.09507 
1.162481 -0.582987 0.470268 
2.408666 -0.264415 -0.298741 
2.118638 -0.042858 -1.33557 
-3.076726 -0.882617 -1.828308 
-2.859596 0.75006 2.045767 
-0.069493 1.017757 0.237373 
-0.764729 2.484514 -0.165693 
-0.792213 2.804997 0.753005 
-2.766024 1.012217 -0.230911 
3.120983 0.970183 0.275168 
3.417907 0.801404 1.318669 
4.028678 1.197778 -0.296036 
2.459202 1.840036 0.24197 
3.348965 -1.492704 -0.32463 
2.853862 -2.37278 -0.751168 
4.239649 -1.281345 -0.928669 
3.68319 -1.751265 0.687618 
1.260612 -0.652651 1.552497 

-3.156978 -1.011025 -0.764879 
-2.811984 -2.032014 -0.556119 
-4.218961 -0.964051 -0.498571 
-2.354285 0.031673 0.028334 
-2.491469 -0.160662 1.559437 
-3.013405 -1.08918 1.81654 
-1.513142 -0.178763 2.051891 
-0.892848 0.049332 -0.44539 
-0.870735 0.300396 -1.513982 
-0.050621 -1.208821 -0.141336 
-0.563298 -1.880923 0.554567 
0.187957 -1.779505 -1.047675 
1.171092 -0.586524 0.489097 
2.405268 -0.268564 -0.29946 
2.099495 -0.048622 -1.332128 
-3.078189 -0.844205 -1.846337 
-3.042639 0.669165 2.014207 
-0.065133 1.013184 0.259754 
-0.750526 2.48164 -0.156367 
-0.785231 2.80641 0.760617 
-2.745525 1.020897 -0.229162 
3.125883 0.967131 0.261534 
3.439089 0.799894 1.300525 
4.024515 1.194283 -0.323995 
2.463298 1.836676 0.237296 
3.345422 -1.496588 -0.338383 
2.843905 -2.377412 -0.755789 
4.226231 -1.285774 -0.956932 
3.695915 -1.753584 0.668734 
1.284912 -0.65262 1.56996 

-3.192572 -0.975163 -0.754407 
-2.845331 -2.00488 -0.59803 
-4.242679 -0.934061 -0.443389 
-2.352092 0.031612 0.044184 
-2.45359 -0.199908 1.570256 
-2.806329 -1.207236 1.819309 
-1.482128 -0.051581 2.055164 
-0.902752 0.05006 -0.465226 
-0.906419 0.296224 -1.534912 
-0.051296 -1.204949 -0.170448 
-0.563548 -1.891747 0.511325 
0.200704 -1.760068 -1.082576 
1.161558 -0.581692 0.476167 
2.410896 -0.274321 -0.29205 
2.124258 -0.062416 -1.331806 
-3.156279 -0.767832 -1.830996 
-3.13244 0.523672 2.034237 
-0.064366 1.022353 0.215464 
-0.744038 2.485801 -0.225172 
-0.77838 2.82707 0.685832 
-2.733389 1.03481 -0.173524 
3.125368 0.96395 0.271136 
3.418314 0.805469 1.317364 
4.035689 1.182361 -0.299467 
2.466774 1.835707 0.226214 
3.347507 -1.505676 -0.302778 
2.85089 -2.388477 -0.72184 
4.240466 -1.303034 -0.906436 
3.678122 -1.755068 0.712942 
1.255094 -0.639134 1.559451 

-3.219117 -0.957509 -0.73161 
-2.870188 -1.990729 -0.604241 
-4.258769 -0.919443 -0.386671 
-2.35018 0.032416 0.056409 
-2.416954 -0.215035 1.578039 
-2.59624 -1.267639 1.82663 
-1.48311 0.09561 2.060226 
-0.913245 0.051127 -0.487763 
-0.94339 0.294473 -1.557463 
-0.051029 -1.200587 -0.207974 
-0.560988 -1.9084 0.453708 
0.216743 -1.732897 -1.128912 
1.150679 -0.57767 0.459662 
2.416005 -0.27661 -0.284119 
2.149259 -0.059637 -1.32806 
-3.216203 -0.731685 -1.805021 
-3.209941 0.385238 2.037418 
-0.064087 1.030409 0.16973 
-0.744139 2.488687 -0.286103 
-0.77528 2.842038 0.620407 
-2.728362 1.042399 -0.13676 
3.127948 0.955162 0.296044 
3.400859 0.791525 1.346876 
4.049771 1.169703 -0.257265 
2.476104 1.831508 0.242066 
3.344846 -1.513946 -0.281772 
2.850433 -2.392035 -0.713135 
4.250007 -1.314846 -0.868177 
3.655104 -1.769054 0.738939 
1.221475 -0.630728 1.544878 

-3.247888 -0.950154 -0.68497 
-2.895202 -1.984556 -0.579081 
-4.27277 -0.913975 -0.298115 
-2.346609 0.033873 0.073232 
-2.35226 -0.225879 1.590519 
-2.351412 -1.295248 1.834961 
-1.47527 0.233216 2.060523 
-0.933107 0.058742 -0.530046 
-1.009674 0.302174 -1.597128 
-0.052024 -1.187209 -0.284106 
-0.558009 -1.93444 0.336048 
0.243764 -1.672305 -1.221911 
1.128151 -0.568651 0.424748 
2.422178 -0.277457 -0.271567 
2.193511 -0.048798 -1.321946 
-3.287927 -0.717163 -1.756054 
-3.232459 0.228828 2.058808 
-0.066977 1.046126 0.092669 
-0.756184 2.496746 -0.374596 
-0.770387 2.866406 0.525796 
-2.732678 1.046241 -0.092939 
3.128118 0.940714 0.343205 
3.364196 0.764862 1.400927 
4.069977 1.149675 -0.177478 
2.488779 1.825374 0.275746 
3.335927 -1.525902 -0.248095 
2.846438 -2.39412 -0.704298 
4.263 -1.332432 -0.801195 
3.607783 -1.793657 0.7803 
1.15703 -0.619187 1.512029 

-3.287964 -0.963315 -0.558963 
-2.91729 -1.994478 -0.489291 
-4.270851 -0.937308 -0.074537 
-2.327173 0.030311 0.108644 
-2.174277 -0.240653 1.612994 
-1.969333 -1.297055 1.827971 
-1.358343 0.358895 2.030446 
-0.985449 0.083897 -0.640864 
-1.181226 0.330424 -1.691346 
-0.053821 -1.139135 -0.491396 
-0.537941 -1.985535 0.009471 
0.309369 -1.487163 -1.46475 
1.065597 -0.538743 0.322623 
2.427993 -0.276205 -0.240985 
2.307256 -0.021865 -1.303192 
-3.433927 -0.731006 -1.620916 
-3.088483 0.037626 2.14976 
-0.083563 1.08827 -0.102583 
-0.814349 2.523317 -0.569376 
-0.77616 2.920148 0.318629 
-2.744867 1.037899 -0.006769 
3.107869 0.907164 0.464031 
3.242859 0.702145 1.53408 
4.097834 1.100221 0.03462 
2.502284 1.812154 0.361536 
3.297725 -1.553553 -0.156851 
2.830031 -2.395913 -0.679485 
4.280192 -1.378093 -0.611608 
3.458512 -1.850779 0.886679 
0.985509 -0.58983 1.407415 

-3.284346 -0.968532 -0.532856 
-2.91122 -1.997694 -0.449082 
-4.265605 -0.937362 -0.045568 
-2.323196 0.038633 0.115441 
-2.143577 -0.230062 1.61565 
-1.778182 -1.246583 1.812103 
-1.434378 0.477655 2.056784 
-0.994903 0.09391 -0.657717 
-1.209889 0.341675 -1.704112 
-0.058092 -1.12621 -0.526427 
-0.538961 -1.987626 -0.048128 
0.313862 -1.449286 -1.504884 
1.052578 -0.533183 0.304438 
2.425673 -0.28053 -0.237122 
2.323309 -0.02067 -1.299911 
-3.434795 -0.753079 -1.59775 
-3.098922 -0.122681 2.142381 
-0.084656 1.098733 -0.1338 
-0.821968 2.53263 -0.596705 
-0.76268 2.936912 0.286745 
-2.753503 1.041351 0.004167 
3.105265 0.893575 0.483451 
3.2228 0.682467 1.554367 
4.103003 1.080152 0.069476 
2.509236 1.804435 0.376666 
3.282755 -1.565939 -0.145382 
2.816278 -2.401534 -0.67982 
4.27397 -1.396893 -0.583292 
3.423965 -1.869668 0.8991 
0.954192 -0.582751 1.387771 

-3.275122 -0.971792 -0.532322 
-2.904309 -1.99909 -0.420752 
-4.2656 -0.930531 -0.065038 
-2.326514 0.049946 0.113843 
-2.153881 -0.210408 1.616632 
-1.64261 -1.162702 1.809645 
-1.573796 0.585544 2.093511 
-0.994516 0.099147 -0.653326 
-1.203995 0.348351 -1.700587 
-0.062502 -1.124424 -0.520591 
-0.545448 -1.983045 -0.039464 
0.305359 -1.451255 -1.499313 
1.052737 -0.534597 0.306386 
2.424453 -0.285657 -0.240463 
2.318483 -0.02387 -1.302452 
-3.404913 -0.778327 -1.604172 
-3.130134 -0.274729 2.111207 
-0.081492 1.099927 -0.125209 
-0.816429 2.536561 -0.580497 
-0.747862 2.939684 0.302788 
-2.764885 1.047507 -0.009059 
3.1107 0.88529 0.478938 
3.232429 0.672024 1.54896 
4.107107 1.069728 0.060808 
2.516864 1.798074 0.376399 
3.278173 -1.573674 -0.15442 
2.807047 -2.407061 -0.688226 
4.26802 -1.4068 -0.596257 
3.42292 -1.879508 0.888962 
0.957728 -0.58247 1.390057 

-3.261904 -0.97472 -0.549495 
-2.894979 -1.999272 -0.405331 
-4.266611 -0.924367 -0.114838 
-2.334636 0.061957 0.106118 
-2.190721 -0.184593 1.616173 
-1.543835 -1.046231 1.826289 
-1.763732 0.682611 2.128292 
-0.987835 0.103045 -0.634595 
-1.174929 0.356904 -1.685139 
-0.067478 -1.128636 -0.49117 
-0.556205 -1.973862 0.00701 
0.287399 -1.475544 -1.467846 
1.061455 -0.542024 0.319568 
2.424124 -0.293102 -0.24967 
2.301403 -0.034733 -1.310727 
-3.357688 -0.80356 -1.628755 
-3.162952 -0.419889 2.064522 
-0.076641 1.09518 -0.086302 
-0.803543 2.538216 -0.528984 
-0.73125 2.933662 0.357448 
-2.778098 1.053839 -0.038353 
3.120354 0.880947 0.455022 
3.257839 0.671805 1.52395 
4.110478 1.064083 0.021616 
2.524521 1.792958 0.357618 
3.2807 -1.579786 -0.172931 
2.801708 -2.415938 -0.695305 
4.262847 -1.413668 -0.631908 
3.443254 -1.881225 0.869122 
0.984971 -0.592214 1.404589 

-3.239762 -0.976326 -0.593368 
-2.883575 -1.997662 -0.406756 
-4.265908 -0.914622 -0.213958 
-2.346598 0.075001 0.087458 
-2.269695 -0.144929 1.609717 
-1.504539 -0.885102 1.875952 
-2.02719 0.778877 2.142555 
-0.967655 0.100682 -0.591647 
-1.10383 0.360746 -1.648796 
-0.072593 -1.146448 -0.418194 
-0.573442 -1.956118 0.123881 
0.252934 -1.544027 -1.386055 
1.084492 -0.561793 0.354044 
2.422693 -0.302783 -0.266877 
2.258527 -0.050678 -1.323876 
-3.277871 -0.829777 -1.679913 
-3.215537 -0.542042 1.995772 
-0.065798 1.076944 -0.000575 
-0.774262 2.532244 -0.424735 
-0.717187 2.906587 0.471894 
-2.78591 1.061422 -0.096837 
3.133207 0.881511 0.40596 
3.309494 0.680024 1.470684 
4.1062 1.069873 -0.062666 
2.526248 1.787574 0.323724 
3.294052 -1.580648 -0.215848 
2.803548 -2.424803 -0.714134 
4.256133 -1.408159 -0.713342 
3.49966 -1.873881 0.820959 
1.052179 -0.619845 1.440962 

-3.164344 -0.98775 -0.707254 
-2.842322 -1.999997 -0.431262 
-4.229795 -0.906363 -0.464771 
-2.357882 0.092625 0.034837 
-2.464487 -0.059574 1.567087 
-1.628817 -0.636475 1.981007 
-2.461005 0.911669 2.070401 
-0.906021 0.084354 -0.469016 
-0.902111 0.351407 -1.534091 
-0.077441 -1.192553 -0.208361 
-0.597558 -1.893742 0.452103 
0.163632 -1.723198 -1.137584 
1.146732 -0.608059 0.452931 
2.405929 -0.316796 -0.305432 
2.128161 -0.078011 -1.341809 
-3.063282 -0.890218 -1.795443 
-3.376051 -0.598208 1.849782 
-0.046619 1.023595 0.233233 
-0.720812 2.504777 -0.148867 
-0.681252 2.837927 0.764766 
-2.768305 1.068105 -0.243946 
3.148702 0.892403 0.283687 
3.433602 0.706702 1.327634 
4.066256 1.099135 -0.279625 
2.512294 1.78114 0.253671 
3.313054 -1.56972 -0.337534 
2.797118 -2.432167 -0.775216 
4.212596 -1.376524 -0.934509 
3.634256 -1.846488 0.674123 
1.233784 -0.686153 1.535444 

-3.163631 -0.970727 -0.724972 
-2.844259 -1.98751 -0.462699 
-4.228887 -0.889698 -0.481433 
-2.354337 0.096391 0.032237 
-2.475849 -0.060643 1.566824 
-1.562455 -0.469851 2.012889 
-2.659301 0.901493 2.054793 
-0.898101 0.081786 -0.45784 
-0.882373 0.344781 -1.523813 
-0.079009 -1.198059 -0.182953 
-0.602692 -1.882293 0.492413 
0.152003 -1.746693 -1.104428 
1.152721 -0.613602 0.464252 
2.403565 -0.323023 -0.308225 
2.115062 -0.087448 -1.342405 
-3.062202 -0.858105 -1.811679 
-3.290921 -0.741133 1.837705 
-0.040797 1.018432 0.249638 
-0.705939 2.503467 -0.135814 
-0.69135 2.827313 0.781947 
-2.751167 1.076964 -0.247378 
3.150758 0.888788 0.270004 
3.446441 0.706204 1.31152 
4.062368 1.094965 -0.303078 
2.512842 1.776546 0.244007 
3.311754 -1.574951 -0.345956 
2.792538 -2.43925 -0.776043 
4.205046 -1.382338 -0.952425 
3.643445 -1.848489 0.663197 
1.252742 -0.691474 1.545705 

-3.17874 -0.939515 -0.735867 
-2.860163 -1.965212 -0.509433 
-4.239048 -0.860662 -0.470704 
-2.3497 0.098209 0.038699 
-2.466789 -0.085261 1.573115 
-1.502318 -0.319818 2.035815 
-2.830687 0.827754 2.055595 
-0.895673 0.0802 -0.457208 
-0.883373 0.337278 -1.524517 
-0.079532 -1.199991 -0.174459 
-0.60586 -1.87665 0.506601 
0.149589 -1.756527 -1.091714 
1.154267 -0.614558 0.468005 
2.404737 -0.330154 -0.307321 
2.115879 -0.103631 -1.343396 
-3.09608 -0.794251 -1.820222 
-3.162437 -0.890806 1.83409 
-0.03475 1.019557 0.241834 
-0.689186 2.505445 -0.159844 
-0.70258 2.827785 0.75852 
-2.730378 1.090626 -0.221166 
3.151688 0.886958 0.26016 
3.447436 0.713725 1.303255 
4.063287 1.087956 -0.314778 
2.513588 1.774292 0.226173 
3.313193 -1.582147 -0.334007 
2.794267 -2.450371 -0.75647 
4.206502 -1.3946 -0.942024 
3.64486 -1.846681 0.677557 
1.256014 -0.687107 1.549696 

-3.183729 -0.919538 -0.750169 
-2.867893 -1.950663 -0.545196 
-4.242102 -0.841635 -0.476685 
-2.345357 0.097803 0.03884 
-2.476102 -0.093792 1.570703 
-1.500775 -0.136274 2.0657 
-3.021186 0.742167 2.022692 
-0.887521 0.075248 -0.445281 
-0.865685 0.325535 -1.514029 
-0.077895 -1.205361 -0.14615 
-0.606219 -1.865804 0.549189 
0.143472 -1.779433 -1.054658 
1.161544 -0.617128 0.482439 
2.403289 -0.333869 -0.307327 
2.102747 -0.107499 -1.340127 
-3.107409 -0.753106 -1.831876 
-3.034869 -1.001953 1.824962 
-0.029493 1.016551 0.254268 
-0.674632 2.50315 -0.161899 
-0.699314 2.829451 0.754874 
-2.709388 1.098599 -0.213734 
3.157488 0.882964 0.251 
3.465308 0.709831 1.290624 
4.062448 1.083207 -0.334576 
2.519596 1.770698 0.224067 
3.310486 -1.586474 -0.344386 
2.786037 -2.454367 -0.760662 
4.196614 -1.399533 -0.963015 
3.653995 -1.851134 0.663172 
1.274556 -0.685799 1.563228 

-3.216851 -0.882687 -0.738491 
-2.897434 -1.922087 -0.586951 
-4.262839 -0.812775 -0.418667 
-2.341953 0.098529 0.054449 
-2.43899 -0.13223 1.580911 
-1.470933 -0.009062 2.076344 
-3.124927 0.59162 2.035824 
-0.896123 0.076346 -0.464253 
-0.899093 0.32175 -1.534099 
-0.077828 -1.201316 -0.172878 
-0.606245 -1.874879 0.509752 
0.156516 -1.761854 -1.086365 
1.153429 -0.611604 0.470425 
2.409191 -0.339776 -0.300556 
2.126438 -0.122419 -1.340233 
-3.183895 -0.673831 -1.814884 
-2.842499 -1.122843 1.823013 
-0.027674 1.025894 0.211167 
-0.667279 2.507297 -0.22973 
-0.692187 2.849788 0.681129 
-2.694861 1.11282 -0.15968 
3.15815 0.879926 0.258585 
3.447494 0.716321 1.305019 
4.073711 1.07104 -0.313402 
2.524245 1.769692 0.21172 
3.312613 -1.595695 -0.309937 
2.792418 -2.465833 -0.726846 
4.209949 -1.41759 -0.914846 
3.637675 -1.851799 0.705927 
1.247796 -0.670896 1.553542 

-3.245005 -0.862363 -0.712137 
-2.923344 -1.905373 -0.59278 
-4.278985 -0.79684 -0.354339 
-2.339514 0.100169 0.068008 
-2.397248 -0.15064 1.589395 
-1.462667 0.134722 2.082095 
-3.199315 0.444195 2.042215 
-0.908173 0.079573 -0.490201 
-0.94107 0.32329 -1.559696 
-0.077916 -1.194897 -0.216342 
-0.604807 -1.891963 0.443496 
0.174739 -1.729977 -1.139873 
1.140892 -0.60567 0.450863 
2.414975 -0.342935 -0.292237 
2.155782 -0.123575 -1.337559 
-3.249143 -0.632224 -1.78459 
-2.629654 -1.196232 1.826931 
-0.027725 1.036115 0.159895 
-0.668916 2.511864 -0.296317 
-0.688188 2.867367 0.60968 
-2.689792 1.121381 -0.118875 
3.160258 0.871319 0.283255 
3.426258 0.705472 1.335502 
4.088957 1.056473 -0.269153 
2.533908 1.765686 0.223393 
3.309655 -1.605203 -0.282403 
2.792618 -2.471442 -0.711167 
4.221218 -1.433035 -0.867423 
3.610589 -1.864117 0.740164 
1.209625 -0.659297 1.536189 

-3.269848 -0.855303 -0.669592 
-2.944825 -1.899189 -0.567972 
-4.290548 -0.791724 -0.275159 
-2.336477 0.102601 0.082743 
-2.341048 -0.159158 1.599553 
-1.460275 0.275778 2.082242 
-3.228709 0.291916 2.058973 
-0.92621 0.087483 -0.528014 
-1.000674 0.332615 -1.594852 
-0.079239 -1.182388 -0.285084 
-0.603675 -1.915114 0.336986 
0.199646 -1.675335 -1.223958 
1.120208 -0.596957 0.419508 
2.420036 -0.344323 -0.280821 
2.19565 -0.115154 -1.332008 
-3.311555 -0.619301 -1.739912 
-2.389211 -1.230293 1.834514 
-0.030292 1.050712 0.090742 
-0.679951 2.519862 -0.375068 
-0.68315 2.889441 0.52546 
-2.694161 1.12573 -0.081134 
3.160428 0.857427 0.326047 
3.393033 0.681142 1.384466 
4.107051 1.036842 -0.197014 
2.5461 1.759306 0.254364 
3.300092 -1.61669 -0.252218 
2.786986 -2.473997 -0.703056 
4.231079 -1.450664 -0.807679 
3.566461 -1.886093 0.777202 
1.15109 -0.647329 1.506728 

-3.309361 -0.867813 -0.547914 
-2.9688 -1.909323 -0.477954 
-4.290041 -0.812623 -0.061421 
-2.318605 0.098451 0.115865 
-2.170705 -0.17654 1.619924 
-1.345837 0.401528 2.047869 
-3.088744 0.10445 2.149619 
-0.977268 0.111587 -0.636105 
-1.167114 0.36077 -1.687065 
-0.080465 -1.136776 -0.483991 
-0.586884 -1.965487 0.024111 
0.267851 -1.500706 -1.456936 
1.059265 -0.564891 0.322262 
2.425161 -0.341597 -0.249657 
2.305639 -0.086407 -1.311815 
-3.450908 -0.632465 -1.60976 
-2.004026 -1.241123 1.829857 
-0.046735 1.091826 -0.101543 
-0.73787 2.545697 -0.568815 
-0.689574 2.941522 0.319153 
-2.707058 1.1176 -0.000142 
3.142049 0.823889 0.448682 
3.276278 0.617898 1.518658 
4.135127 0.987209 0.014136 
2.562521 1.745858 0.346665 
3.260193 -1.64206 -0.167492 
2.766864 -2.472692 -0.685268 
4.244395 -1.494365 -0.628369 
3.419031 -1.941062 0.875824 
0.983634 -0.610512 1.407609 

-3.305524 -0.875646 -0.524128 
-2.962007 -1.914903 -0.438043 
-4.285494 -0.815343 -0.036997 
-2.316046 0.105448 0.121763 
-2.143047 -0.165966 1.622251 
-1.421596 0.528116 2.065056 
-3.097405 -0.042836 2.147388 
-0.987212 0.121255 -0.652315 
-1.195678 0.372701 -1.699165 
-0.084967 -1.124456 -0.518781 
-0.588447 -1.96887 -0.033666 
0.27284 -1.463242 -1.497173 
1.045834 -0.559871 0.304613 
2.422124 -0.345759 -0.245332 
2.320739 -0.083825 -1.307728 
-3.449763 -0.658423 -1.589519 
-1.797457 -1.189391 1.818768 
-0.048525 1.101369 -0.131325 
-0.746485 2.554518 -0.593174 
-0.677926 2.955921 0.290926 
-2.718221 1.119564 0.008844 
3.138623 0.809409 0.470276 
3.25523 0.596219 1.540898 
4.139355 0.966628 0.051359 
2.568859 1.737156 0.365301 
3.244511 -1.653969 -0.157889 
2.752367 -2.477145 -0.688525 
4.237145 -1.512104 -0.602229 
3.384167 -1.960543 0.885966 
0.952019 -0.604167 1.388569 

-3.29686 -0.879724 -0.5277 
-2.95452 -1.917035 -0.417594 
-4.285655 -0.811853 -0.059982 
-2.320288 0.114955 0.119773 
-2.155692 -0.149323 1.622846 
-1.559749 0.640036 2.092751 
-3.130655 -0.18087 2.122218 
-0.987029 0.125539 -0.646616 
-1.189083 0.379143 -1.694285 
-0.089597 -1.123508 -0.512124 
-0.594937 -1.965318 -0.02458 
0.263802 -1.465615 -1.490933 
1.045998 -0.562552 0.307181 
2.420425 -0.351522 -0.248687 
2.314993 -0.088333 -1.310401 
-3.421635 -0.68139 -1.59929 
-1.649208 -1.102483 1.821498 
-0.046169 1.101187 -0.11986 
-0.74205 2.557424 -0.572415 
-0.663297 2.956736 0.31176 
-2.730494 1.124308 -0.003211 
3.143021 0.801215 0.464722 
3.26388 0.586716 1.53461 
4.142265 0.956327 0.041482 
2.575115 1.73048 0.363183 
3.240144 -1.661718 -0.166236 
2.743706 -2.483282 -0.695369 
4.231079 -1.521762 -0.614965 
3.383848 -1.969581 0.876692 
0.956654 -0.606354 1.39152 

-3.280125 -0.885075 -0.554187 
-2.940831 -1.919117 -0.410204 
-4.285613 -0.80962 -0.124999 
-2.330178 0.126367 0.109212 
-2.204331 -0.120963 1.621005 
-1.764226 0.748639 2.120505 
-3.184227 -0.309684 2.073065 
-0.977099 0.128879 -0.620773 
-1.148855 0.389146 -1.672424 
-0.095232 -1.13034 -0.47311 
-0.607759 -1.953815 0.036974 
0.240079 -1.498385 -1.44899 
1.058104 -0.574476 0.324942 
2.419797 -0.360937 -0.260767 
2.291557 -0.103292 -1.321367 
-3.365479 -0.709259 -1.633639 
-1.554456 -0.974712 1.849036 
-0.040189 1.092795 -0.065395 
-0.725651 2.557545 -0.500383 
-0.645266 2.944914 0.388917 
-2.7456 1.129617 -0.038836 
3.153214 0.797912 0.431558 
3.295842 0.589854 1.500037 
4.143495 0.95305 -0.012313 
2.580565 1.724823 0.335866 
3.245839 -1.667753 -0.188919 
2.740883 -2.494294 -0.702025 
4.226223 -1.527111 -0.660055 
3.413493 -1.968854 0.85243 
0.994039 -0.624007 1.410826 

-3.216205 -0.90281 -0.658707 
-2.9059 -1.926778 -0.414411 
-4.266753 -0.801461 -0.363988 
-2.349617 0.146219 0.05993 
-2.389057 -0.027195 1.589406 
-2.161509 0.920245 2.089274 
-3.377027 -0.356323 1.929066 
-0.922965 0.114417 -0.510822 
-0.964966 0.383975 -1.574091 
-0.10282 -1.175661 -0.286807 
-0.635286 -1.905488 0.331684 
0.154639 -1.664322 -1.233982 
1.114902 -0.624251 0.413798 
2.409007 -0.375194 -0.298596 
2.175098 -0.124978 -1.34296 
-3.165101 -0.789552 -1.748859 
-1.643818 -0.746387 1.949277 
-0.020525 1.042212 0.152516 
-0.667726 2.532454 -0.240072 
-0.605436 2.879425 0.667132 
-2.749195 1.136562 -0.181499 
3.171695 0.806626 0.319953 
3.413382 0.609358 1.372614 
4.11486 0.982631 -0.210472 
2.568385 1.717372 0.270573 
3.27426 -1.657978 -0.30291 
2.745971 -2.501479 -0.762191 
4.200542 -1.493053 -0.86654 
3.549652 -1.948091 0.718493 
1.159527 -0.698649 1.499179 

-3.181579 -0.901799 -0.706538 
-2.888104 -1.922433 -0.429797 
-4.245317 -0.791909 -0.467622 
-2.349099 0.156599 0.038917 
-2.4643 0.00838 1.570841 
-2.428928 0.989315 2.05686 
-3.405206 -0.47131 1.860953 
-0.896381 0.108545 -0.459167 
-0.880755 0.377 -1.523844 
-0.105321 -1.19177 -0.198122 
-0.642494 -1.873783 0.46862 
0.113922 -1.733517 -1.126395 
1.139505 -0.641975 0.454214 
2.39969 -0.383377 -0.3142 
2.120218 -0.138791 -1.348764 
-3.074527 -0.806504 -1.794402 
-1.636739 -0.567693 1.999806 
-0.012569 1.021238 0.247856 
-0.647135 2.521911 -0.127208 
-0.592605 2.851478 0.786948 
-2.732444 1.142617 -0.240777 
3.178017 0.807074 0.267399 
3.464747 0.616069 1.309876 
4.097027 0.987761 -0.302423 
2.565471 1.712479 0.23952 
3.27458 -1.658921 -0.351371 
2.734135 -2.508668 -0.784288 
4.174357 -1.488733 -0.954972 
3.596094 -1.942525 0.65831 
1.233753 -0.724914 1.535758 

'WARNING: The zero of the relative energy is arbitrary minimum'

0	0.0
10	64.9592234641
20	247.09156312
30	503.914631426
40	761.290556312
50	972.100109741
60	1070.88761659
70	1017.40691631
80	824.410582393
90	557.825282469
100	295.826124489
110	95.0761908144
120	4.3548156321
130	59.0823512673
140	238.132828161
150	500.138131469
160	766.91217953
170	982.070622772
180	1073.82330923
190	1006.3115958
200	804.548128262
210	538.209737316
220	283.835347474
230	93.1009191275
240	8.50025245547
250	64.5661444068
260	243.665344656
270	506.573347121
280	772.151697397
290	984.847415805
300	1073.73968941
310	1002.70606655
320	795.651065648
330	525.025018305
340	271.21687302
350	87.6052743495
360	11.4420904368
370	75.5609455407
380	259.230485499
390	511.731439888
400	763.094198838






