TS_3e_35_7_1_4_1_scan_b3631gd
Calculated at [      ] level of theory      

30               !Number of atoms in the molecule

0, 41, 10.0       ! Minumum angle, No. of Points and Stepsize (in degrees)

12.011
1.008
1.008
12.011
12.011
1.008
1.008
12.011
1.008
12.011
1.008
1.008
12.011
12.011
1.008
1.008
1.008
15.999
15.999
1.008
1.008
12.011
1.008
1.008
1.008
12.011
1.008
1.008
1.008
1.008

-3.235588 -1.14754 -0.552993 
-2.808671 -2.155443 -0.468634 
-4.220244 -1.169661 -0.072139 
-2.333346 -0.092227 0.103263 
-2.149847 -0.353992 1.604169 
-1.489978 0.395113 2.05336 
-3.114689 -0.310032 2.122648 
-1.004751 0.033476 -0.660907 
-1.22558 0.270302 -1.708635 
-0.005489 -1.13541 -0.524372 
-0.442122 -2.020988 -0.047724 
0.387402 -1.43919 -1.500898 
1.068929 -0.484182 0.310916 
2.426924 -0.152816 -0.226148 
2.313767 0.094606 -1.290776 
-3.39023 -0.938256 -1.618518 
-1.723063 -1.34634 1.800728 
-0.152685 1.084872 -0.130463 
-0.962308 2.47812 -0.596776 
-0.93167 2.883252 0.287726 
-2.814771 0.886738 -0.009788 
3.031111 1.064213 0.490494 
3.155012 0.867068 1.563337 
4.018279 1.307139 0.080482 
2.382003 1.936776 0.374428 
3.35913 -1.383823 -0.122937 
2.946353 -2.248878 -0.654685 
4.340641 -1.157967 -0.557092 
3.51302 -1.672706 0.92398 
0.970473 -0.540381 1.39394 

-3.2309 -1.159104 -0.54057 
-2.875486 -2.174063 -0.31795 
-4.25885 -1.085141 -0.169099 
-2.331185 -0.095551 0.108305 
-2.143697 -0.346345 1.60993 
-1.501916 0.419532 2.056991 
-3.10989 -0.323113 2.127386 
-1.008653 0.040428 -0.664415 
-1.239039 0.28488 -1.708219 
-0.006796 -1.127921 -0.543585 
-0.442308 -2.02075 -0.079398 
0.387498 -1.417236 -1.523901 
1.065521 -0.484456 0.300231 
2.425755 -0.150584 -0.229413 
2.3164 0.106352 -1.292175 
-3.254095 -1.057462 -1.632626 
-1.694153 -1.32792 1.810129 
-0.154808 1.088601 -0.131887 
-0.969484 2.484192 -0.584505 
-0.934146 2.883669 0.302394 
-2.818441 0.880262 -0.009048 
3.029754 1.058971 0.499913 
3.150201 0.852004 1.571297 
4.018508 1.303971 0.094999 
2.382464 1.933674 0.389868 
3.355508 -1.384113 -0.134051 
2.94301 -2.243647 -0.674881 
4.338846 -1.156086 -0.562907 
3.505382 -1.68256 0.910761 
0.963012 -0.54864 1.382413 

-3.225283 -1.170934 -0.534912 
-2.95961 -2.175498 -0.179202 
-4.281311 -1.0092 -0.294746 
-2.330841 -0.097831 0.111951 
-2.143694 -0.338032 1.614885 
-1.51997 0.442978 2.06132 
-3.112102 -0.333663 2.128814 
-1.01077 0.04678 -0.663278 
-1.245446 0.298168 -1.704366 
-0.008296 -1.122255 -0.553177 
-0.443671 -2.018487 -0.095416 
0.385351 -1.403765 -1.53601 
1.064427 -0.484786 0.294596 
2.424468 -0.147776 -0.233493 
2.31414 0.118575 -1.293839 
-3.116507 -1.187136 -1.626525 
-1.674026 -1.309162 1.820006 
-0.15621 1.091372 -0.126123 
-0.974299 2.48931 -0.566183 
-0.935903 2.882834 0.323256 
-2.822579 0.875102 -0.010032 
3.03078 1.05456 0.505711 
3.152475 0.837939 1.575046 
4.019246 1.302094 0.101642 
2.384366 1.930974 0.404376 
3.352855 -1.383229 -0.150155 
2.938632 -2.23744 -0.698056 
4.335926 -1.152601 -0.57824 
3.503683 -1.69107 0.891789 
0.962184 -0.555977 1.376349 

-3.223972 -1.179312 -0.529101 
-3.06919 -2.156312 -0.052551 
-4.286747 -0.935616 -0.432523 
-2.329698 -0.099761 0.116439 
-2.137166 -0.336228 1.619253 
-1.522781 0.452706 2.064726 
-3.105002 -0.344011 2.134233 
-1.013272 0.051371 -0.663841 
-1.253643 0.307167 -1.702461 
-0.009127 -1.117268 -0.563407 
-0.443051 -2.017991 -0.112917 
0.385284 -1.389759 -1.548457 
1.062667 -0.484097 0.288757 
2.423127 -0.144077 -0.236272 
2.313041 0.1311 -1.294388 
-2.99563 -1.318627 -1.593185 
-1.655046 -1.301385 1.823781 
-0.157605 1.094029 -0.125589 
-0.979384 2.493056 -0.556248 
-0.937751 2.882758 0.334729 
-2.823415 0.872071 -0.003569 
3.030389 1.051559 0.512925 
3.152182 0.825798 1.580362 
4.018923 1.301911 0.110785 
2.3846 1.929299 0.419237 
3.350555 -1.3809 -0.163202 
2.935748 -2.230121 -0.718364 
4.333818 -1.147367 -0.589275 
3.501096 -1.697637 0.876109 
0.959062 -0.560513 1.37 

-3.222756 -1.18584 -0.527602 
-3.198879 -2.116781 0.053041 
-4.268588 -0.869589 -0.591006 
-2.32981 -0.101248 0.121378 
-2.129532 -0.340764 1.623044 
-1.516019 0.449151 2.068047 
-3.095248 -0.353217 2.141829 
-1.015689 0.055285 -0.661865 
-1.259149 0.313352 -1.699198 
-0.01045 -1.11291 -0.566805 
-0.443342 -2.015433 -0.118931 
0.383513 -1.381529 -1.55309 
1.061555 -0.481346 0.286253 
2.421376 -0.139397 -0.239141 
2.309459 0.142686 -1.295249 
-2.884102 -1.448614 -1.537622 
-1.643262 -1.30478 1.822941 
-0.159771 1.097155 -0.122962 
-0.985272 2.496277 -0.546999 
-0.94038 2.883826 0.344766 
-2.825381 0.869875 0.008058 
3.031357 1.050648 0.516632 
3.155235 0.817643 1.582277 
4.019251 1.302836 0.11408 
2.386231 1.929642 0.430263 
3.34765 -1.37765 -0.175985 
2.930767 -2.222822 -0.735749 
4.330232 -1.142388 -0.602682 
3.500114 -1.701262 0.860924 
0.9589 -0.560963 1.367338 

-3.227937 -1.183301 -0.528838 
-3.356661 -2.049717 0.130897 
-4.226725 -0.799376 -0.759157 
-2.33008 -0.102867 0.128216 
-2.119079 -0.358117 1.626567 
-1.494244 0.421859 2.073481 
-3.080744 -0.365492 2.152759 
-1.017682 0.055461 -0.657759 
-1.26283 0.313522 -1.694766 
-0.010815 -1.111508 -0.565209 
-0.441305 -2.015063 -0.117239 
0.381849 -1.378743 -1.552388 
1.062019 -0.478845 0.285996 
2.420202 -0.134667 -0.242177 
2.305377 0.149094 -1.297522 
-2.797614 -1.566976 -1.46244 
-1.640822 -1.328471 1.814357 
-0.161932 1.098291 -0.120112 
-0.989883 2.496482 -0.542128 
-0.943239 2.88395 0.349588 
-2.823127 0.870519 0.029614 
3.030828 1.054697 0.514128 
3.157523 0.819987 1.579071 
4.017488 1.308581 0.109626 
2.384615 1.933194 0.430843 
3.34792 -1.372056 -0.183423 
2.93054 -2.216717 -0.74359 
4.329189 -1.13504 -0.612172 
3.503326 -1.697278 0.852545 
0.961855 -0.559561 1.367218 

-3.239128 -1.171233 -0.530314 
-3.530435 -1.952891 0.18011 
-4.16029 -0.72934 -0.924047 
-2.329936 -0.104828 0.1368 
-2.106446 -0.386653 1.62952 
-1.459154 0.372929 2.079725 
-3.061929 -0.379493 2.166731 
-1.019455 0.052051 -0.652923 
-1.265931 0.308954 -1.690012 
-0.010233 -1.112956 -0.561676 
-0.436838 -2.01749 -0.112212 
0.380485 -1.379701 -1.549761 
1.063728 -0.477641 0.286209 
2.419695 -0.130331 -0.245607 
2.301967 0.150258 -1.301469 
-2.742321 -1.673602 -1.369868 
-1.648421 -1.369954 1.798857 
-0.163815 1.096993 -0.118094 
-0.992758 2.493837 -0.540969 
-0.946887 2.881716 0.35061 
-2.816367 0.873306 0.059225 
3.027588 1.06322 0.506399 
3.156515 0.832017 1.571843 
4.012879 1.319021 0.099765 
2.378414 1.939353 0.421431 
3.351885 -1.364248 -0.185111 
2.936622 -2.211913 -0.742309 
4.331627 -1.124906 -0.61606 
3.510127 -1.686124 0.851478 
0.966824 -0.558507 1.367716 

-3.241996 -1.163265 -0.536725 
-3.69714 -1.838407 0.195709 
-4.056666 -0.690604 -1.096261 
-2.333445 -0.106028 0.142396 
-2.109032 -0.408575 1.631721 
-1.443963 0.332679 2.086597 
-3.06187 -0.386345 2.17313 
-1.019041 0.04891 -0.641379 
-1.259233 0.305332 -1.68025 
-0.010043 -1.115933 -0.545878 
-0.434969 -2.016642 -0.087775 
0.375731 -1.390597 -1.533771 
1.068431 -0.476364 0.293051 
2.418703 -0.125218 -0.250731 
2.290886 0.154351 -1.305701 
-2.691436 -1.781552 -1.257165 
-1.671477 -1.402888 1.789888 
-0.165648 1.094739 -0.103465 
-0.994251 2.491018 -0.526558 
-0.95064 2.877827 0.365604 
-2.817686 0.873851 0.077198 
3.029419 1.07073 0.495093 
3.168102 0.840779 1.559586 
4.010447 1.329095 0.07986 
2.376897 1.944817 0.414872 
3.355208 -1.356191 -0.19775 
2.937552 -2.205592 -0.750515 
4.330262 -1.114213 -0.637767 
3.523871 -1.676797 0.837589 
0.98104 -0.557073 1.375384 

-3.244624 -1.153137 -0.542525 
-3.849107 -1.708752 0.1819 
-3.933462 -0.673649 -1.247531 
-2.336503 -0.107717 0.14788 
-2.115301 -0.430138 1.633995 
-1.436718 0.294654 2.09546 
-3.066959 -0.396449 2.176869 
-1.018337 0.045434 -0.629885 
-1.252635 0.302402 -1.670121 
-0.009314 -1.119192 -0.531388 
-0.431936 -2.016575 -0.065101 
0.371099 -1.401003 -1.519378 
1.073764 -0.476058 0.298871 
2.418254 -0.120801 -0.256554 
2.280638 0.157 -1.31077 
-2.666571 -1.878634 -1.128985 
-1.695385 -1.433479 1.7822 
-0.167114 1.091659 -0.087992 
-0.994819 2.487917 -0.510267 
-0.954654 2.87242 0.383048 
-2.81854 0.873953 0.092496 
3.030928 1.078312 0.482525 
3.178734 0.850522 1.546256 
4.007819 1.339121 0.059139 
2.374907 1.950097 0.405973 
3.359551 -1.348352 -0.20992 
2.940103 -2.200144 -0.757637 
4.32985 -1.10368 -0.658868 
3.538463 -1.666723 0.824389 
0.995883 -0.557165 1.381909 

-3.246811 -1.144499 -0.544189 
-3.97718 -1.574112 0.149424 
-3.803871 -0.684955 -1.369462 
-2.337966 -0.110128 0.152414 
-2.120714 -0.446779 1.635958 
-1.433011 0.265928 2.10271 
-3.071697 -0.405264 2.179441 
-1.018014 0.042947 -0.622143 
-1.249393 0.302346 -1.662497 
-0.008227 -1.121134 -0.52455 
-0.428297 -2.017502 -0.054183 
0.36798 -1.405638 -1.513394 
1.078027 -0.476897 0.300726 
2.418252 -0.116948 -0.261988 
2.273876 0.161009 -1.315264 
-2.669196 -1.96623 -0.986509 
-1.713457 -1.456395 1.776478 
-0.168236 1.088751 -0.076067 
-0.995569 2.485676 -0.494738 
-0.958328 2.866496 0.400278 
-2.818667 0.872858 0.102548 
3.03105 1.083825 0.474316 
3.184962 0.856167 1.537213 
4.00499 1.347654 0.046029 
2.371977 1.953602 0.40132 
3.36389 -1.341349 -0.221267 
2.944209 -2.194349 -0.76693 
4.330812 -1.093281 -0.675609 
3.54976 -1.659537 0.811873 
1.00686 -0.560416 1.384049 

-3.246647 -1.141295 -0.5428 
-4.078956 -1.443575 0.101924 
-3.673101 -0.72671 -1.464449 
-2.338074 -0.113434 0.155139 
-2.125137 -0.455345 1.637674 
-1.436849 0.254443 2.107919 
-3.076894 -0.41381 2.179792 
-1.017833 0.042899 -0.617984 
-1.248724 0.307566 -1.657084 
-0.007447 -1.121066 -0.52559 
-0.426187 -2.018257 -0.055589 
0.365653 -1.404012 -1.516061 
1.080921 -0.479143 0.298715 
2.418401 -0.113867 -0.267114 
2.270016 0.166896 -1.319088 
-2.69423 -2.044292 -0.833284 
-1.719913 -1.466171 1.77543 
-0.168771 1.086537 -0.066089 
-0.996598 2.485255 -0.476559 
-0.960859 2.860296 0.420948 
-2.819923 0.869495 0.105194 
3.030176 1.086406 0.470929 
3.18727 0.85621 1.532818 
4.002437 1.353652 0.040947 
2.368846 1.954783 0.401929 
3.367642 -1.335659 -0.232949 
2.948652 -2.188361 -0.779602 
4.332374 -1.083551 -0.689721 
3.557816 -1.656169 0.798693 
1.013953 -0.567877 1.381897 

-3.242469 -1.146103 -0.539259 
-4.155201 -1.324221 0.040089 
-3.54251 -0.800523 -1.536185 
-2.33751 -0.11728 0.156284 
-2.128838 -0.454057 1.639981 
-1.450801 0.26421 2.112136 
-3.083429 -0.422847 2.177816 
-1.017947 0.045521 -0.616555 
-1.250421 0.317433 -1.653338 
-0.006898 -1.11848 -0.532869 
-0.425226 -2.018524 -0.067803 
0.364665 -1.395552 -1.525579 
1.082233 -0.481438 0.294136 
2.418393 -0.110876 -0.271367 
2.267892 0.17702 -1.321113 
-2.734873 -2.11048 -0.671488 
-1.712199 -1.45985 1.781048 
-0.169291 1.085832 -0.057957 
-0.998691 2.486895 -0.457455 
-0.964151 2.854658 0.443109 
-2.823645 0.863782 0.100722 
3.030194 1.084906 0.473915 
3.189319 0.847542 1.533928 
4.001465 1.35608 0.044162 
2.367895 1.953084 0.412025 
3.369029 -1.331823 -0.247413 
2.950054 -2.18112 -0.799352 
4.332688 -1.075407 -0.704063 
3.561372 -1.659364 0.781614 
1.016913 -0.577175 1.376817 

-3.237579 -1.154273 -0.533137 
-4.211376 -1.215218 -0.033913 
-3.417576 -0.892322 -1.582924 
-2.335276 -0.121594 0.158191 
-2.127534 -0.450604 1.642917 
-1.465596 0.281655 2.1163 
-3.084743 -0.437306 2.176931 
-1.019044 0.050929 -0.618086 
-1.256842 0.332058 -1.651062 
-0.007256 -1.11336 -0.548084 
-0.426011 -2.01858 -0.093206 
0.364127 -1.379187 -1.543919 
1.081622 -0.484516 0.28543 
2.418439 -0.10932 -0.275427 
2.269544 0.184982 -1.323618 
-2.79552 -2.158923 -0.510356 
-1.691463 -1.447697 1.787311 
-0.169297 1.086554 -0.053291 
-1.001399 2.490472 -0.438289 
-0.964682 2.850547 0.465285 
-2.826844 0.856874 0.097338 
3.028093 1.082324 0.478286 
3.18508 0.838762 1.537209 
4.000165 1.356412 0.052199 
2.365551 1.950566 0.420142 
3.370109 -1.329567 -0.257379 
2.952835 -2.175852 -0.815195 
4.3343 -1.069464 -0.710818 
3.561047 -1.663182 0.769959 
1.015139 -0.589325 1.367194 

-3.230279 -1.168527 -0.52563 
-4.250097 -1.119818 -0.126394 
-3.290627 -1.006658 -1.608577 
-2.33328 -0.125774 0.15974 
-2.125557 -0.442368 1.64636 
-1.485608 0.30881 2.120212 
-3.085598 -0.452621 2.175484 
-1.020745 0.057297 -0.620283 
-1.264673 0.346189 -1.649567 
-0.007527 -1.106501 -0.563346 
-0.426241 -2.01694 -0.118785 
0.36461 -1.360716 -1.561911 
1.080165 -0.484943 0.277035 
2.41821 -0.106225 -0.278433 
2.270918 0.198748 -1.323798 
-2.870405 -2.190725 -0.350214 
-1.663724 -1.427025 1.796345 
-0.170266 1.08913 -0.050788 
-1.006833 2.494805 -0.421779 
-0.965899 2.84867 0.484064 
-2.831782 0.848886 0.091729 
3.028953 1.076771 0.487876 
3.184276 0.822323 1.544485 
4.001984 1.35352 0.06573 
2.368003 1.946743 0.437774 
3.36801 -1.328071 -0.271669 
2.949904 -2.168153 -0.838156 
4.332929 -1.064923 -0.721799 
3.55769 -1.672102 0.752461 
1.011501 -0.597957 1.357822 

-3.222777 -1.182542 -0.521835 
-4.273389 -1.032768 -0.246688 
-3.159238 -1.131099 -1.615277 
-2.332387 -0.129309 0.16228 
-2.126135 -0.435379 1.650749 
-1.507728 0.332622 2.126149 
-3.088842 -0.467981 2.174235 
-1.021924 0.063252 -0.618842 
-1.26974 0.359212 -1.645113 
-0.008277 -1.100761 -0.572653 
-0.427168 -2.014424 -0.134858 
0.36317 -1.346931 -1.573472 
1.079863 -0.485252 0.271544 
2.417638 -0.103038 -0.28218 
2.269302 0.211293 -1.324629 
-2.9633 -2.200658 -0.204277 
-1.640863 -1.407918 1.805989 
-0.170996 1.091134 -0.044108 
-1.011286 2.498406 -0.401945 
-0.965695 2.846713 0.505826 
-2.836446 0.841969 0.088874 
3.030767 1.072392 0.493749 
3.187062 0.808427 1.547878 
4.003621 1.351699 0.072889 
2.37088 1.943635 0.452225 
3.366152 -1.325912 -0.287589 
2.946197 -2.160641 -0.860571 
4.330551 -1.059865 -0.737136 
3.557297 -1.678958 0.733194 
1.011703 -0.605475 1.35158 

-3.222116 -1.189045 -0.519213 
-4.282281 -0.94482 -0.384854 
-3.038076 -1.253988 -1.598108 
-2.331108 -0.132327 0.16751 
-2.121284 -0.437691 1.655519 
-1.511924 0.336607 2.132416 
-3.08376 -0.482231 2.178601 
-1.023438 0.066585 -0.616761 
-1.275461 0.367218 -1.640579 
-0.008901 -1.097216 -0.57935 
-0.426795 -2.013939 -0.146869 
0.361999 -1.336467 -1.582036 
1.079673 -0.485756 0.267284 
2.41678 -0.099846 -0.285532 
2.267242 0.220336 -1.326027 
-3.082135 -2.184523 -0.079765 
-1.624964 -1.404913 1.808987 
-0.171643 1.09207 -0.03989 
-1.014461 2.500212 -0.388637 
-0.966339 2.844415 0.520572 
-2.835489 0.838651 0.097304 
3.030126 1.071476 0.496433 
3.18722 0.801752 1.548986 
4.002616 1.353372 0.07646 
2.369998 1.942775 0.460198 
3.366013 -1.322094 -0.298902 
2.945914 -2.153865 -0.876059 
4.329699 -1.052892 -0.748108 
3.558638 -1.680729 0.71965 
1.012271 -0.611282 1.346758 

-3.22171 -1.1948 -0.517182 
-4.267816 -0.869526 -0.544068 
-2.91846 -1.387664 -1.553105 
-2.3313 -0.133768 0.17328 
-2.113463 -0.442546 1.659833 
-1.504141 0.332056 2.136373 
-3.073598 -0.491113 2.186792 
-1.026085 0.070059 -0.613971 
-1.281258 0.373216 -1.636262 
-0.010699 -1.093268 -0.582365 
-0.427552 -2.011829 -0.152779 
0.359492 -1.328287 -1.586307 
1.078362 -0.483754 0.265041 
2.414593 -0.095348 -0.288171 
2.26296 0.231613 -1.326255 
-3.212088 -2.146946 0.026864 
-1.614033 -1.40891 1.808248 
-0.173715 1.094425 -0.036493 
-1.019378 2.502637 -0.378661 
-0.968713 2.844288 0.53138 
-2.836559 0.836689 0.110281 
3.030441 1.070446 0.500013 
3.189723 0.793712 1.550419 
4.002156 1.354545 0.079749 
2.370825 1.94242 0.471057 
3.363036 -1.318058 -0.31159 
2.941093 -2.145867 -0.893072 
4.325789 -1.046512 -0.761391 
3.55793 -1.683341 0.704162 
1.01218 -0.612725 1.344169 

-3.22514 -1.193399 -0.518 
-4.227629 -0.800114 -0.718253 
-2.811685 -1.519141 -1.480251 
-2.332941 -0.134124 0.180369 
-2.10496 -0.455736 1.663489 
-1.485139 0.310259 2.140568 
-3.061297 -0.499625 2.197576 
-1.02911 0.071961 -0.60878 
-1.285535 0.376033 -1.630545 
-0.012667 -1.090634 -0.580375 
-0.427278 -2.010198 -0.150895 
0.355751 -1.324114 -1.585331 
1.077728 -0.480838 0.265076 
2.412148 -0.090582 -0.291235 
2.257088 0.239745 -1.32775 
-3.357087 -2.084967 0.105845 
-1.612929 -1.427346 1.801381 
-0.176498 1.096326 -0.031495 
-1.024101 2.504116 -0.369987 
-0.971738 2.844537 0.540425 
-2.836962 0.837164 0.130566 
3.030502 1.072635 0.498741 
3.193168 0.792449 1.547714 
4.000847 1.35818 0.076305 
2.37078 1.94469 0.474814 
3.360609 -1.313125 -0.321784 
2.936762 -2.139146 -0.90442 
4.321772 -1.04006 -0.77406 
3.559064 -1.681607 0.692119 
1.014491 -0.611497 1.344159 

-3.238607 -1.177103 -0.520097 
-4.165521 -0.724862 -0.887837 
-2.74316 -1.635876 -1.384991 
-2.333544 -0.134674 0.189247 
-2.094367 -0.483463 1.665375 
-1.451105 0.261183 2.145408 
-3.045112 -0.512264 2.210179 
-1.031123 0.069136 -0.602991 
-1.288322 0.372489 -1.624858 
-0.012973 -1.092096 -0.57606 
-0.423813 -2.012484 -0.144958 
0.353034 -1.325323 -1.581958 
1.079129 -0.480167 0.265746 
2.410792 -0.086532 -0.294846 
2.252157 0.240564 -1.331833 
-3.520164 -1.992523 0.155462 
-1.624101 -1.468147 1.784375 
-0.178096 1.094899 -0.027709 
-1.025165 2.502201 -0.366639 
-0.974888 2.841887 0.544169 
-2.829189 0.841426 0.161212 
3.026521 1.081171 0.490667 
3.192233 0.804554 1.540115 
3.995028 1.368926 0.065512 
2.363575 1.950723 0.465495 
3.363894 -1.30545 -0.324266 
2.942194 -2.134518 -0.904136 
4.32318 -1.029768 -0.778942 
3.56563 -1.67072 0.690153 
1.019895 -0.611345 1.344993 

-3.245937 -1.161869 -0.527629 
-4.068514 -0.676874 -1.062964 
-2.68878 -1.753379 -1.265934 
-2.336893 -0.134155 0.194394 
-2.097628 -0.507389 1.665337 
-1.431964 0.214391 2.149805 
-3.045607 -0.517048 2.215492 
-1.030242 0.066027 -0.592026 
-1.280761 0.369689 -1.615629 
-0.012882 -1.095777 -0.561303 
-0.422167 -2.012512 -0.121593 
0.34795 -1.336903 -1.567239 
1.083866 -0.480188 0.27186 
2.409363 -0.08167 -0.299992 
2.241058 0.243421 -1.336092 
-3.67794 -1.881088 0.176965 
-1.653293 -1.505478 1.770914 
-0.178717 1.091652 -0.012892 
-1.023464 2.499422 -0.351689 
-0.977269 2.836596 0.560272 
-2.826917 0.844963 0.181286 
3.026216 1.089834 0.478976 
3.20099 0.815596 1.527585 
3.990306 1.380809 0.046042 
2.359451 1.956539 0.457343 
3.367567 -1.296363 -0.335499 
2.944903 -2.12813 -0.910795 
4.321922 -1.017101 -0.798303 
3.57913 -1.659324 0.677744 
1.034266 -0.611846 1.351552 

-3.249033 -1.150706 -0.53299 
-3.94931 -0.660279 -1.216769 
-2.661098 -1.862649 -1.127761 
-2.339891 -0.134475 0.197965 
-2.103788 -0.527437 1.664661 
-1.422531 0.176214 2.15409 
-3.050289 -0.523502 2.217378 
-1.029409 0.063709 -0.582725 
-1.274181 0.368699 -1.607461 
-0.012088 -1.097955 -0.549916 
-0.419207 -2.012186 -0.103428 
0.34393 -1.344977 -1.556166 
1.08846 -0.479527 0.276133 
2.408566 -0.076489 -0.305089 
2.2318 0.248797 -1.339729 
-3.821762 -1.756706 0.177674 
-1.679286 -1.53513 1.759882 
-0.179727 1.089027 0.001052 
-1.023331 2.497204 -0.335932 
-0.979861 2.831622 0.577177 
-2.827318 0.846188 0.194363 
3.027299 1.096458 0.470191 
3.210087 0.822196 1.517431 
3.987532 1.390479 0.030796 
2.357783 1.961145 0.453561 
3.370355 -1.288064 -0.348393 
2.946077 -2.120963 -0.920859 
4.320304 -1.005562 -0.818244 
3.590691 -1.650784 0.663062 
1.047237 -0.612504 1.356031 

-3.250161 -1.141688 -0.536468 
-3.819217 -0.668207 -1.343417 
-2.664353 -1.956492 -0.983234 
-2.341294 -0.136404 0.201064 
-2.111008 -0.544369 1.664497 
-1.41817 0.144428 2.158719 
-3.056888 -0.529207 2.218052 
-1.028023 0.061421 -0.574781 
-1.268611 0.369729 -1.599592 
-0.010765 -1.100281 -0.542585 
-0.415902 -2.013015 -0.091439 
0.340528 -1.350887 -1.549633 
1.093456 -0.481027 0.278026 
2.408593 -0.072444 -0.310649 
2.224764 0.252471 -1.34418 
-3.951133 -1.622745 0.154847 
-1.702975 -1.559531 1.751755 
-0.179792 1.085289 0.01467 
-1.022149 2.494522 -0.317912 
-0.982266 2.824183 0.597088 
-2.827145 0.845403 0.202651 
3.026834 1.10287 0.461506 
3.216367 0.82916 1.507697 
3.983522 1.400719 0.016979 
2.353738 1.96482 0.448585 
3.375148 -1.279964 -0.359715 
2.951338 -2.114348 -0.930369 
4.321448 -0.993294 -0.834389 
3.602302 -1.642272 0.650379 
1.059828 -0.616996 1.357836 

-3.249041 -1.139825 -0.534435 
-3.688394 -0.703855 -1.438454 
-2.692943 -2.037686 -0.836696 
-2.340568 -0.140753 0.204018 
-2.113538 -0.554101 1.66603 
-1.420994 0.132517 2.16361 
-3.060031 -0.540408 2.218588 
-1.027743 0.060847 -0.57131 
-1.268897 0.374406 -1.594366 
-0.00964 -1.100174 -0.545174 
-0.413292 -2.014329 -0.095532 
0.338853 -1.347962 -1.553896 
1.096268 -0.483324 0.275022 
2.408936 -0.069322 -0.315402 
2.22214 0.257605 -1.347765 
-4.059205 -1.488707 0.115993 
-1.706069 -1.56976 1.750078 
-0.180039 1.082443 0.023188 
-1.023098 2.492877 -0.301381 
-0.98417 2.817104 0.615597 
-2.827909 0.840816 0.206217 
3.025128 1.106035 0.458434 
3.217034 0.830528 1.503723 
3.980317 1.407466 0.013094 
2.349606 1.966114 0.448454 
3.379166 -1.273663 -0.369278 
2.956862 -2.108059 -0.941027 
4.323614 -0.982877 -0.845142 
3.609478 -1.637588 0.63952 
1.066183 -0.624521 1.354281 

-3.243715 -1.148308 -0.528509 
-3.555548 -0.770817 -1.509282 
-2.734194 -2.108221 -0.687112 
-2.339229 -0.146546 0.206104 
-2.11376 -0.553227 1.669602 
-1.434387 0.145143 2.168886 
-3.062763 -0.553714 2.218079 
-1.028612 0.062948 -0.570549 
-1.273174 0.383337 -1.59058 
-0.009226 -1.097084 -0.554168 
-0.412109 -2.014668 -0.110632 
0.338106 -1.337484 -1.565081 
1.096957 -0.485127 0.269261 
2.408933 -0.06631 -0.319289 
2.221306 0.266978 -1.349467 
-4.143954 -1.363655 0.05844 
-1.690216 -1.562027 1.75729 
-0.181011 1.081345 0.029248 
-1.027045 2.492927 -0.283412 
-0.987003 2.810518 0.635836 
-2.832803 0.832385 0.202453 
3.024652 1.104633 0.461614 
3.216997 0.822799 1.505133 
3.979554 1.409359 0.017899 
2.348655 1.96439 0.457161 
3.380167 -1.269449 -0.381379 
2.958222 -2.100604 -0.958085 
4.324025 -0.974806 -0.856042 
3.611491 -1.639493 0.624958 
1.0677 -0.633378 1.347612 

-3.238007 -1.160429 -0.519552 
-3.425037 -0.855619 -1.556476 
-2.791381 -2.163097 -0.541031 
-2.336854 -0.152824 0.209465 
-2.110265 -0.548628 1.675072 
-1.451005 0.167672 2.175831 
-3.06183 -0.571414 2.218719 
-1.030551 0.066645 -0.571414 
-1.281448 0.394845 -1.587293 
-0.009767 -1.092338 -0.568322 
-0.412292 -2.014948 -0.134601 
0.337326 -1.321439 -1.581929 
1.095983 -0.48747 0.260867 
2.40863 -0.064238 -0.322979 
2.222412 0.275798 -1.351201 
-4.208873 -1.246476 -0.018343 
-1.661898 -1.546248 1.76768 
-0.181948 1.081069 0.03275 
-1.031712 2.49394 -0.265849 
-0.988847 2.804502 0.655665 
-2.837468 0.822851 0.199203 
3.022894 1.101726 0.466539 
3.213705 0.81313 1.508485 
3.978413 1.409512 0.026275 
2.34677 1.961395 0.466702 
3.380454 -1.266556 -0.391604 
2.959742 -2.094055 -0.974423 
4.324879 -0.968324 -0.862888 
3.610458 -1.643131 0.612612 
1.065532 -0.644008 1.33803 

-3.230317 -1.177207 -0.510934 
-3.290289 -0.963682 -1.585707 
-2.859347 -2.203433 -0.394811 
-2.335601 -0.158211 0.212456 
-2.108831 -0.539357 1.681239 
-1.473314 0.197278 2.183068 
-3.063152 -0.586758 2.218565 
-1.032807 0.071631 -0.571144 
-1.289383 0.406944 -1.583157 
-0.010632 -1.086242 -0.580218 
-0.412565 -2.013338 -0.155366 
0.336362 -1.304932 -1.596145 
1.094716 -0.487715 0.254024 
2.407849 -0.060986 -0.326148 
2.221779 0.289018 -1.351053 
-4.253475 -1.143154 -0.119945 
-1.632866 -1.523476 1.781058 
-0.183661 1.082332 0.037322 
-1.038077 2.495827 -0.247438 
-0.990298 2.80066 0.675744 
-2.844119 0.813365 0.193578 
3.024347 1.096418 0.474096 
3.21526 0.797608 1.513134 
3.980099 1.406954 0.03628 
2.349646 1.95718 0.48291 
3.377742 -1.264154 -0.406642 
2.955356 -2.085513 -0.996873 
4.322282 -0.962958 -0.875805 
3.607864 -1.650441 0.593848 
1.063447 -0.651815 1.330051 

-3.222812 -1.194141 -0.502636 
-3.156282 -1.08509 -1.593029 
-2.9412 -2.224992 -0.255111 
-2.334663 -0.162427 0.216677 
-2.10448 -0.531086 1.687694 
-1.489707 0.222998 2.189349 
-3.059493 -0.600925 2.221436 
-1.036258 0.078216 -0.570918 
-1.299554 0.419979 -1.578966 
-0.012763 -1.078361 -0.592781 
-0.413939 -2.010023 -0.17714 
0.334154 -1.286071 -1.611003 
1.092149 -0.486382 0.246636 
2.406493 -0.057608 -0.329193 
2.221619 0.302125 -1.350945 
-4.277471 -1.053746 -0.241284 
-1.604006 -1.502502 1.792595 
-0.186 1.08547 0.040384 
-1.045684 2.499169 -0.230498 
-0.991139 2.799312 0.693843 
-2.850847 0.804825 0.192697 
3.025805 1.090754 0.481771 
3.215528 0.781933 1.518091 
3.982537 1.402781 0.047174 
2.353485 1.953284 0.498358 
3.373293 -1.262546 -0.420426 
2.948767 -2.077541 -1.017885 
4.318557 -0.959597 -0.886991 
3.602482 -1.658284 0.576577 
1.059442 -0.65768 1.321509 

-3.222885 -1.200124 -0.4982 
-3.034306 -1.203359 -1.57996 
-3.051518 -2.219494 -0.132827 
-2.33332 -0.165496 0.22332 
-2.09718 -0.534716 1.693142 
-1.489388 0.224259 2.195937 
-3.050865 -0.615393 2.227736 
-1.039149 0.082435 -0.569052 
-1.30843 0.429007 -1.573796 
-0.014675 -1.073207 -0.601704 
-0.414654 -2.008687 -0.193359 
0.331739 -1.271855 -1.621873 
1.090603 -0.486329 0.240877 
2.405132 -0.05498 -0.332616 
2.220707 0.308673 -1.353056 
-4.285202 -0.962113 -0.377652 
-1.587018 -1.50146 1.794918 
-0.187272 1.087103 0.043297 
-1.049596 2.50122 -0.217911 
-0.991164 2.797635 0.707395 
-2.849938 0.801312 0.20451 
3.023868 1.090399 0.483046 
3.213098 0.777717 1.518292 
3.980786 1.404168 0.050105 
2.351446 1.952783 0.502543 
3.372294 -1.259311 -0.427982 
2.948425 -2.07204 -1.028979 
4.317818 -0.954238 -0.892636 
3.600865 -1.658938 0.567612 
1.057789 -0.663127 1.314861 

-3.225193 -1.200756 -0.498406 
-2.919729 -1.329586 -1.545167 
-3.182752 -2.18831 -0.025141 
-2.333126 -0.166848 0.229946 
-2.089092 -0.545102 1.696476 
-1.478557 0.210673 2.200868 
-3.040185 -0.628541 2.235199 
-1.041683 0.086021 -0.565473 
-1.314434 0.435976 -1.568103 
-0.016753 -1.069101 -0.605446 
-0.415674 -2.006748 -0.201041 
0.32846 -1.262433 -1.62703 
1.089633 -0.485221 0.237806 
2.403337 -0.051701 -0.335986 
2.2178 0.313845 -1.355544 
-4.270971 -0.877337 -0.528114 
-1.57897 -1.512722 1.789814 
-0.18862 1.088874 0.047727 
-1.052379 2.503328 -0.206854 
-0.99145 2.797036 0.719155 
-2.847909 0.800599 0.222208 
3.022009 1.092553 0.48134 
3.212268 0.778094 1.515856 
3.978386 1.407698 0.048193 
2.349051 1.95446 0.502956 
3.371324 -1.255114 -0.434513 
2.947596 -2.067018 -1.036722 
4.31624 -0.948411 -0.899336 
3.601006 -1.656473 0.560129 
1.058376 -0.665891 1.31119 

-3.227317 -1.199359 -0.501644 
-2.815814 -1.467116 -1.48344 
-3.330472 -2.130232 0.067039 
-2.334403 -0.167177 0.235059 
-2.081935 -0.558446 1.697375 
-1.461943 0.189075 2.202666 
-3.029793 -0.638046 2.24228 
-1.043812 0.088243 -0.56116 
-1.317225 0.439315 -1.563294 
-0.017998 -1.066056 -0.604151 
-0.415074 -2.004671 -0.200318 
0.325814 -1.257685 -1.626537 
1.089417 -0.482029 0.237631 
2.401386 -0.046443 -0.338599 
2.212764 0.322604 -1.356331 
-4.231652 -0.804807 -0.687226 
-1.578945 -1.530674 1.780447 
-0.190712 1.090894 0.052542 
-1.056073 2.504894 -0.19845 
-0.993734 2.797202 0.727913 
-2.847773 0.800496 0.240142 
3.022402 1.094997 0.480838 
3.215979 0.776866 1.513615 
3.977342 1.411946 0.045845 
2.349342 1.956686 0.507694 
3.36916 -1.249425 -0.444216 
2.943709 -2.059251 -1.048005 
4.312656 -0.941014 -0.910791 
3.601826 -1.654262 0.548318 
1.060892 -0.664679 1.310745 

-3.235938 -1.186733 -0.508558 
-2.743534 -1.5963 -1.39952 
-3.499665 -2.037953 0.128985 
-2.335625 -0.168308 0.240628 
-2.076087 -0.58335 1.695938 
-1.43662 0.145836 2.203932 
-3.020202 -0.650259 2.248863 
-1.04393 0.085715 -0.554537 
-1.315023 0.436642 -1.55747 
-0.017079 -1.067785 -0.596861 
-0.411149 -2.005834 -0.189119 
0.323907 -1.261967 -1.619735 
1.092449 -0.480687 0.240064 
2.400577 -0.041337 -0.342098 
2.206685 0.325659 -1.35958 
-4.171867 -0.729053 -0.845312 
-1.59216 -1.566324 1.763241 
-0.191663 1.089212 0.059966 
-1.056491 2.50282 -0.191239 
-0.995981 2.794238 0.735529 
-2.842494 0.802114 0.263807 
3.020787 1.103489 0.473263 
3.21944 0.787574 1.505759 
3.972953 1.423056 0.034117 
2.344798 1.962829 0.501379 
3.372211 -1.240989 -0.449812 
2.947377 -2.053154 -1.050897 
4.312844 -0.92987 -0.920358 
3.610047 -1.643655 0.54238 
1.069443 -0.663784 1.313232 

-3.243998 -1.171921 -0.514852 
-2.70005 -1.724383 -1.29086 
-3.669327 -1.917378 0.166835 
-2.33669 -0.169776 0.24467 
-2.073689 -0.609738 1.692845 
-1.411606 0.097262 2.203349 
-3.014237 -0.659315 2.253564 
-1.042487 0.080943 -0.547643 
-1.309194 0.431633 -1.552 
-0.014992 -1.071956 -0.587444 
-0.406494 -2.008233 -0.173658 
0.322451 -1.271058 -1.610574 
1.097118 -0.480901 0.243401 
2.400207 -0.035981 -0.345897 
2.199579 0.328813 -1.362863 
-4.088131 -0.668544 -0.99784 
-1.614442 -1.605326 1.744936 
-0.191675 1.085312 0.068869 
-1.055245 2.498703 -0.183048 
-0.997827 2.788783 0.74434 
-2.837269 0.803204 0.284096 
3.018478 1.113112 0.465018 
3.223661 0.799566 1.496966 
3.966914 1.436921 0.020928 
2.338194 1.96897 0.49518 
3.377494 -1.230682 -0.456771 
2.954096 -2.045753 -1.054934 
4.314307 -0.915243 -0.932047 
3.622017 -1.630933 0.534772 
1.08085 -0.664257 1.316646 

-3.243904 -1.167 -0.518547 
-2.67161 -1.851034 -1.15698 
-3.816903 -1.787489 0.180434 
-2.338942 -0.17156 0.245989 
-2.077 -0.626031 1.690384 
-1.400757 0.06621 2.202536 
-3.015876 -0.663297 2.254783 
-1.041204 0.078511 -0.540917 
-1.302612 0.430844 -1.546219 
-0.013283 -1.073798 -0.578967 
-0.402757 -2.008253 -0.159561 
0.320343 -1.27771 -1.602436 
1.101399 -0.479872 0.246391 
2.399583 -0.029819 -0.349838 
2.191671 0.337421 -1.364468 
-3.978229 -0.648111 -1.14414 
-1.634738 -1.629649 1.734497 
-0.192606 1.082495 0.080519 
-1.056613 2.495721 -0.168359 
-1.000695 2.782947 0.760011 
-2.840497 0.800708 0.291908 
3.019785 1.118506 0.460665 
3.23274 0.802184 1.490195 
3.964289 1.446644 0.011411 
2.337141 1.972196 0.498135 
3.379344 -1.221535 -0.470371 
2.954509 -2.035856 -1.068538 
4.31241 -0.902102 -0.950328 
3.630912 -1.62425 0.518405 
1.092113 -0.665178 1.319391 

-3.242417 -1.162926 -0.520816 
-2.668665 -1.95676 -1.01436 
-3.945911 -1.653032 0.162839 
-2.340508 -0.174665 0.248239 
-2.084414 -0.6396 1.690346 
-1.398052 0.040611 2.205094 
-3.023259 -0.666199 2.255343 
-1.039589 0.075902 -0.53301 
-1.296579 0.431469 -1.538381 
-0.011481 -1.076121 -0.571231 
-0.398691 -2.009164 -0.146798 
0.317532 -1.284 -1.595427 
1.10647 -0.480505 0.248534 
2.399345 -0.024841 -0.354963 
2.183924 0.343652 -1.367581 
-3.851076 -0.651487 -1.274952 
-1.656446 -1.649576 1.729649 
-0.19296 1.078358 0.094454 
-1.056992 2.491955 -0.149506 
-1.003662 2.774561 0.780432 
-2.843329 0.79718 0.296373 
3.020627 1.124067 0.453893 
3.24133 0.806398 1.481376 
3.961047 1.456508 -0.000736 
2.335138 1.975179 0.497468 
3.382399 -1.212941 -0.483905 
2.956703 -2.027525 -1.081105 
4.311416 -0.889359 -0.96891 
3.641349 -1.616759 0.502512 
1.104766 -0.668534 1.321115 

-3.24371 -1.159859 -0.514476 
-2.695172 -2.041223 -0.869328 
-4.052295 -1.52162 0.132016 
-2.338881 -0.179486 0.253448 
-2.082017 -0.651413 1.6927 
-1.394096 0.025591 2.209536 
-3.01988 -0.679639 2.259248 
-1.041001 0.075359 -0.531055 
-1.301816 0.435284 -1.533845 
-0.011171 -1.074657 -0.577438 
-0.396061 -2.010591 -0.157157 
0.315706 -1.276711 -1.60347 
1.107575 -0.481844 0.243317 
2.399299 -0.021959 -0.359383 
2.183189 0.347513 -1.371489 
-3.72189 -0.677116 -1.374695 
-1.654992 -1.662033 1.726528 
-0.193943 1.076304 0.098521 
-1.059488 2.490214 -0.137884 
-1.005874 2.768402 0.793364 
-2.842679 0.792224 0.304783 
3.01749 1.127388 0.451338 
3.238495 0.808867 1.478492 
3.957329 1.462643 -0.002439 
2.32994 1.976781 0.495745 
3.385472 -1.207312 -0.489696 
2.96212 -2.022172 -1.088179 
4.313841 -0.880623 -0.973855 
3.645081 -1.611816 0.496273 
1.107443 -0.674654 1.315069 

-3.242694 -1.163172 -0.505159 
-2.733992 -2.111277 -0.721655 
-4.135552 -1.401347 0.08491 
-2.336685 -0.184637 0.258642 
-2.077766 -0.654782 1.697395 
-1.399559 0.030308 2.216322 
-3.016117 -0.695831 2.262419 
-1.043889 0.077852 -0.531264 
-1.311584 0.444085 -1.529844 
-0.012288 -1.069894 -0.590373 
-0.39574 -2.010693 -0.179436 
0.313704 -1.260949 -1.618771 
1.106372 -0.483309 0.234943 
2.398816 -0.019909 -0.363432 
2.18443 0.35331 -1.374519 
-3.587051 -0.734545 -1.453915 
-1.63756 -1.659814 1.730604 
-0.195384 1.075916 0.10057 
-1.063275 2.490523 -0.124665 
-1.007765 2.762923 0.808175 
-2.843811 0.785975 0.309098 
3.0145 1.126846 0.452946 
3.233439 0.804693 1.479403 
3.955135 1.464319 0.002459 
2.326343 1.975658 0.498973 
3.386275 -1.203926 -0.496227 
2.964847 -2.016926 -1.098577 
4.315344 -0.874612 -0.97725 
3.644224 -1.611847 0.488773 
1.105294 -0.683094 1.305442 

-3.238651 -1.17287 -0.495694 
-2.78223 -2.168636 -0.569803 
-4.19926 -1.292412 0.018211 
-2.334971 -0.188934 0.262182 
-2.0753 -0.649335 1.703127 
-1.416265 0.052153 2.224714 
-3.015851 -0.711187 2.262691 
-1.046777 0.082433 -0.531894 
-1.3211 0.455944 -1.525869 
-0.014051 -1.063581 -0.604528 
-0.397038 -2.009324 -0.20425 
0.311613 -1.242598 -1.635187 
1.104403 -0.484639 0.226416 
2.397755 -0.017429 -0.366953 
2.184623 0.363753 -1.375326 
-3.446996 -0.824479 -1.514653 
-1.611817 -1.64377 1.740727 
-0.196727 1.076377 0.103506 
-1.067116 2.492007 -0.108458 
-1.009567 2.757275 0.826309 
-2.847187 0.779753 0.306804 
3.013392 1.12258 0.458884 
3.231185 0.79237 1.483015 
3.954647 1.462967 0.011888 
2.325776 1.971493 0.510868 
3.384591 -1.201032 -0.50791 
2.963229 -2.009129 -1.116856 
4.314296 -0.868584 -0.98553 
3.641365 -1.616626 0.474185 
1.102045 -0.692695 1.295368 

-3.231949 -1.185437 -0.49056 
-2.842358 -2.209885 -0.421926 
-4.245733 -1.193985 -0.075508 
-2.334673 -0.19212 0.264819 
-2.07799 -0.64027 1.709383 
-1.442089 0.079198 2.235031 
-3.022069 -0.72471 2.260143 
-1.048797 0.088578 -0.529531 
-1.32712 0.470524 -1.519069 
-0.016155 -1.056862 -0.614705 
-0.399145 -2.006138 -0.222684 
0.308094 -1.226278 -1.647436 
1.103548 -0.485556 0.219819 
2.396612 -0.014853 -0.371385 
2.182593 0.374371 -1.3765 
-3.301526 -0.936896 -1.556793 
-1.589379 -1.622363 1.754088 
-0.197535 1.076845 0.11199 
-1.070073 2.493761 -0.084825 
-1.00929 2.751204 0.851921 
-2.85264 0.774051 0.301683 
3.014615 1.11802 0.462437 
3.233591 0.779619 1.483629 
3.95555 1.460949 0.016698 
2.327982 1.967231 0.522077 
3.381942 -1.198438 -0.522877 
2.95881 -2.001397 -1.137364 
4.311304 -0.863341 -0.999307 
3.639667 -1.621809 0.455639 
1.102226 -0.702168 1.287101 

-3.225876 -1.202 -0.477213 
-2.91472 -2.235626 -0.274861 
-4.272983 -1.111338 -0.170038 
-2.331793 -0.196017 0.270593 
-2.062742 -0.63381 1.715525 
-1.44385 0.101808 2.239027 
-3.003927 -0.740002 2.26761 
-1.056427 0.098822 -0.535455 
-1.349016 0.48684 -1.518374 
-0.020313 -1.041737 -0.640464 
-0.400895 -1.999842 -0.26762 
0.306772 -1.189584 -1.675537 
1.095955 -0.480905 0.205556 
2.395238 -0.011822 -0.372916 
2.189769 0.388024 -1.375633 
-3.170562 -1.06592 -1.564491 
-1.550598 -1.603893 1.761202 
-0.202118 1.084902 0.103971 
-1.081482 2.500671 -0.078156 
-1.011377 2.754699 0.858865 
-2.857645 0.765878 0.307453 
3.014523 1.109347 0.475599 
3.22506 0.759925 1.494845 
3.960222 1.451056 0.039108 
2.332596 1.962078 0.53925 
3.374596 -1.199814 -0.529282 
2.950728 -1.994435 -1.153998 
4.308996 -0.865801 -0.996517 
3.623444 -1.633873 0.446849 
1.086441 -0.705788 1.271088 

-3.223733 -1.211018 -0.470346 
-3.013879 -2.238376 -0.144544 
-4.286814 -1.023344 -0.289285 
-2.32932 -0.199324 0.277206 
-2.049272 -0.63584 1.720259 
-1.437789 0.106514 2.242981 
-2.98723 -0.754661 2.275288 
-1.061737 0.106408 -0.537154 
-1.36451 0.499726 -1.514773 
-0.023899 -1.031028 -0.657759 
-0.402948 -1.995003 -0.298372 
0.304153 -1.163488 -1.694564 
1.091163 -0.478384 0.195225 
2.393778 -0.009415 -0.375675 
2.193383 0.395573 -1.377342 
-3.047514 -1.192259 -1.553157 
-1.525195 -1.599759 1.762237 
-0.204709 1.089999 0.101361 
-1.088389 2.505232 -0.068567 
-1.010838 2.756176 0.868696 
-2.858421 0.760249 0.319983 
3.012247 1.106273 0.480663 
3.217402 0.751721 1.499229 
3.960726 1.447489 0.049847 
2.332293 1.960508 0.545266 
3.37097 -1.199062 -0.53336 
2.947844 -1.989861 -1.163399 
4.308149 -0.86521 -0.995104 
3.614631 -1.638074 0.441868 
1.077472 -0.709917 1.25928 

-3.226547 -1.211536 -0.470154 
-3.145985 -2.215146 -0.033684 
-4.282348 -0.925689 -0.43401 
-2.328307 -0.201883 0.284186 
-2.038831 -0.647727 1.722814 
-1.423966 0.091181 2.246556 
-2.973489 -0.769739 2.282632 
-1.064196 0.109662 -0.533665 
-1.37131 0.506543 -1.508471 
-0.02595 -1.026505 -0.663014 
-0.403757 -1.993007 -0.309074 
0.300837 -1.152123 -1.701054 
1.090252 -0.477717 0.191042 
2.392397 -0.006783 -0.379337 
2.19186 0.398188 -1.380972 
-2.93657 -1.314203 -1.52335 
-1.514956 -1.612148 1.75534 
-0.205628 1.09128 0.105356 
-1.090957 2.506444 -0.057016 
-1.009735 2.754824 0.880617 
-2.855592 0.75756 0.338588 
3.009256 1.109561 0.477385 
3.213985 0.755338 1.496144 
3.957756 1.451493 0.047165 
2.32847 1.96316 0.541354 
3.371171 -1.195157 -0.536821 
2.949387 -1.986372 -1.16724 
4.308198 -0.860028 -0.997951 
3.614843 -1.634053 0.438462 
1.077728 -0.713574 1.254162 

'WARNING: The zero of the relative energy is arbitrary minimum'

0	0.0
10	66.9129866213
20	247.71750477
30	502.078067705
40	763.850069463
50	961.888174608
60	1038.4255628
70	965.924971506
80	766.781372637
90	501.502824709
100	246.591160983
110	62.6310365796
120	-7.79442207515
130	51.9656668603
140	230.149218962
150	488.065051451
160	757.887382671
170	961.296471
180	1037.70305231
190	963.289520144
200	759.818978921
210	490.988673016
220	236.818175107
230	57.6562051177
240	-6.50830075145
250	60.4455081969
260	242.365396395
270	499.404427752
280	765.964927003
290	967.235015586
300	1044.10293256
310	973.87302579
320	773.5583103
330	504.777825147
340	247.544997722
350	67.1544086933
360	3.86231455207
370	73.1640630811
380	254.958850741
390	509.834959596
400	773.687361389






