C9H19O2         N        (N for nonlinear, L for linear)
30 159.249          Number of atoms, molecular weight
-38.6366531996				Enthalpy of formation at the standard state!kcal
0.0281157777778 1    Rotational constat (cm-1), symmetry number
1         Statistical weight
0         Number of internal rotor, Br, sigma, dim, vr 
33.4483
47.0307
67.4122
80.8653
92.5368
118.2504
127.9939
158.5266
192.0378
198.679
225.2257
239.9361
251.6273
256.2079
275.9322
348.7674
371.345
412.6254
424.2093
466.1008
550.9267
560.9941
744.7419
796.5742
830.4265
887.8005
930.2224
935.4055
941.6669
950.1535
962.5716
975.6684
993.7279
995.7643
1027.6235
1043.9227
1055.2576
1140.2948
1157.2492
1192.0244
1222.5345
1248.7528
1279.8336
1299.2825
1313.6794
1334.4098
1357.6288
1369.4562
1371.2546
1384.6458
1395.1175
1401.5132
1402.5955
1416.3176
1421.2595
1471.4111
1473.5103
1478.7959
1487.7019
1490.0087
1493.7481
1497.2092
1502.5367
1506.9571
1513.1953
2935.798
2945.8091
2984.9553
3001.2807
3013.1516
3016.6503
3018.6502
3020.8356
3024.212
3027.8975
3057.8829
3071.9367
3076.0638
3078.6083
3080.3754
3086.0309
3089.5697
3092.9282
3744.9547
