[Title]                                       
Calculated at [      ] level of theory      

12               !Number of atoms in the molecule

0, 37, 10       ! Minumum angle, No. of Points and Stepsize (in degrees)

6
1
1
1
6
1
1
6
1
1
8
8

-1.912510 -0.706941 0.141897
-1.364177 -1.570810 -0.246643
-2.930845 -0.744280 -0.258950
-1.976923 -0.812414 1.231621
-1.221890 0.605190 -0.245732
-1.202786 0.717527 -1.337150
-1.788028 1.461191 0.144328
0.199030 0.725596 0.282605
0.656561 1.689998 0.040224
0.263700 0.558010 1.362582
1.005791 -0.307666 -0.363931
2.238550 -0.322621 0.112853
  
-1.915548 -0.702743 0.148563
-1.288179 -1.561718 -0.109736
-2.875066 -0.807793 -0.367578
-2.108048 -0.750625 1.227367
-1.226418 0.614679 -0.227178
-1.213456 0.738702 -1.317610
-1.786509 1.468716 0.174615
0.203363 0.718508 0.281078
0.657721 1.689298 0.059178
0.288834 0.518550 1.354064
0.996427 -0.295410 -0.411542
2.233352 -0.337384 0.052482
  
-1.918449 -0.700299 0.155284
-1.233287 -1.545610 0.035628
-2.801092 -0.875753 -0.467066
-2.243295 -0.697683 1.202861
-1.229654 0.623553 -0.207709
-1.225421 0.762641 -1.296412
-1.781938 1.475018 0.208884
0.208925 0.712657 0.278378
0.660325 1.688736 0.074233
0.315720 0.483304 1.343494
0.986940 -0.282675 -0.457127
2.227699 -0.351107 -0.006747
  
-1.921079 -0.699361 0.161955
-1.200541 -1.523222 0.185150
-2.708399 -0.946721 -0.555872
-2.380081 -0.654295 1.156674
-1.231759 0.631914 -0.187276
-1.241560 0.791293 -1.272973
-1.773064 1.479207 0.250666
0.215656 0.707629 0.274221
0.665806 1.686727 0.081825
0.342660 0.455738 1.331968
0.976190 -0.274103 -0.496826
2.222643 -0.362028 -0.065807
  
-1.923322 -0.698786 0.169255
-1.189185 -1.493527 0.336326
-2.596053 -1.019089 -0.631189
-2.515805 -0.619153 1.087743
-1.232997 0.639644 -0.166178
-1.263418 0.823945 -1.247173
-1.759704 1.480419 0.300483
0.222957 0.702680 0.268680
0.673489 1.682868 0.082409
0.368521 0.434462 1.319952
0.963806 -0.270854 -0.530907
2.218185 -0.369827 -0.125697
  
-1.924308 -0.698159 0.176653
-1.197453 -1.456911 0.484482
-2.464966 -1.091749 -0.688648
-2.644211 -0.592881 0.995184
-1.234412 0.647357 -0.144641
-1.293113 0.863423 -1.218093
-1.743045 1.477885 0.359164
0.230054 0.698464 0.261019
0.683029 1.677429 0.074105
0.393014 0.420470 1.307114
0.949715 -0.273331 -0.560101
2.212168 -0.379217 -0.182534
  
-1.925804 -0.695935 0.184555
-1.227192 -1.412157 0.630049
-2.320723 -1.160594 -0.723473
-2.760587 -0.572586 0.881562
-1.235607 0.653824 -0.123806
-1.325636 0.901647 -1.187786
-1.723685 1.471823 0.419759
0.236485 0.692494 0.253008
0.692129 1.670195 0.065782
0.414755 0.405266 1.294059
0.935415 -0.277380 -0.587976
2.206923 -0.383818 -0.242029
  
-1.926796 -0.692305 0.191886
-1.275709 -1.359206 0.767799
-2.169358 -1.223447 -0.733406
-2.857643 -0.559345 0.751045
-1.237306 0.659339 -0.103258
-1.359010 0.938374 -1.156151
-1.704898 1.463063 0.479299
0.241694 0.685189 0.245054
0.700406 1.661545 0.058570
0.434023 0.388016 1.280820
0.920346 -0.282169 -0.615304
2.200722 -0.386274 -0.302648
  
-1.927016 -0.687857 0.198091
-1.342186 -1.299340 0.894790
-2.020811 -1.278947 -0.718381
-2.930882 -0.553625 0.611318
-1.239195 0.663922 -0.082999
-1.387854 0.969477 -1.125134
-1.689413 1.453232 0.532986
0.245889 0.677070 0.238284
0.706789 1.653282 0.056914
0.452822 0.365470 1.267019
0.905374 -0.282895 -0.645291
2.192956 -0.387008 -0.363893
  
-1.926793 -0.683864 0.203683
-1.425791 -1.234642 1.008610
-1.879889 -1.327316 -0.680835
-2.980247 -0.555115 0.469049
-1.240923 0.667511 -0.062640
-1.410039 0.993373 -1.095778
-1.677951 1.444250 0.579039
0.249676 0.668632 0.232864
0.711547 1.646355 0.062635
0.472316 0.336546 1.251928
0.890890 -0.276682 -0.679480
2.183677 -0.386268 -0.425371
  
-1.925532 -0.681036 0.209349
-1.524660 -1.167245 1.106943
-1.749311 -1.369157 -0.623812
-3.007088 -0.564702 0.328155
-1.242194 0.670735 -0.042065
-1.425443 1.011883 -1.068196
-1.669992 1.436735 0.618693
0.253356 0.660394 0.228683
0.715641 1.640479 0.073984
0.492726 0.303394 1.235504
0.876320 -0.264467 -0.716675
2.172648 -0.384232 -0.486859
  
-1.924359 -0.679587 0.216254
-1.640000 -1.100123 1.188463
-1.631785 -1.406370 -0.548362
-3.014210 -0.580529 0.190200
-1.242083 0.672835 -0.021188
-1.434476 1.025569 -1.042076
-1.663183 1.430711 0.652925
0.257880 0.652106 0.225565
0.719688 1.635175 0.089739
0.514568 0.267458 1.217892
0.862518 -0.247123 -0.755463
2.161915 -0.377340 -0.550245
  
-1.922877 -0.679264 0.224940
-1.767573 -1.034440 1.250840
-1.525789 -1.438511 -0.456121
-3.002178 -0.604250 0.056173
-1.241098 0.674815 0.000261
-1.439712 1.036769 -1.016475
-1.656404 1.426761 0.684016
0.262881 0.644766 0.222812
0.723919 1.630857 0.108037
0.537527 0.230326 1.198202
0.848379 -0.224936 -0.795835
2.149397 -0.370112 -0.613146
  
-1.920677 -0.679900 0.234497
-1.902228 -0.971843 1.291227
-1.431250 -1.465174 -0.349678
-2.971115 -0.637095 -0.072800
-1.239597 0.677547 0.022156
-1.444874 1.049910 -0.989613
-1.648081 1.423576 0.715717
0.268137 0.639257 0.219156
0.728958 1.627642 0.124946
0.560644 0.195949 1.176475
0.832718 -0.200322 -0.835715
2.133839 -0.366769 -0.672663
  
-1.919686 -0.681262 0.244437
-2.043109 -0.914661 1.308236
-1.351218 -1.486622 -0.230251
-2.922119 -0.676638 -0.197059
-1.237301 0.680060 0.045140
-1.450979 1.065728 -0.959849
-1.635882 1.419702 0.750502
0.273818 0.635220 0.214755
0.734042 1.625321 0.136447
0.585449 0.167318 1.154065
0.816354 -0.177591 -0.872395
2.117104 -0.363796 -0.730324
  
-1.919294 -0.682294 0.253387
-2.184475 -0.860295 1.301411
-1.284320 -1.501451 -0.096932
-2.853933 -0.725616 -0.316011
-1.234880 0.683726 0.067662
-1.460873 1.088331 -0.926881
-1.618990 1.413825 0.790204
0.278968 0.631799 0.208770
0.740673 1.622180 0.143022
0.607224 0.142867 1.131501
0.797762 -0.158839 -0.905722
2.098611 -0.361453 -0.786707
  
-1.921129 -0.682815 0.260336
-2.325216 -0.809571 1.270279
-1.235465 -1.509076 0.049647
-2.766447 -0.780986 -0.428543
-1.232163 0.687062 0.090121
-1.475011 1.116688 -0.889420
-1.596099 1.403871 0.835803
0.283704 0.628274 0.201470
0.747291 1.618260 0.142386
0.627993 0.123636 1.109715
0.778571 -0.146686 -0.934920
2.080445 -0.355876 -0.843170
  
-1.922719 -0.682352 0.264052
-2.458676 -0.762060 1.215299
-1.204390 -1.506088 0.205095
-2.658563 -0.843172 -0.529857
-1.229791 0.691119 0.111706
-1.495147 1.151663 -0.847308
-1.569132 1.388341 0.886959
0.287350 0.624915 0.192173
0.754426 1.613486 0.135850
0.644895 0.108493 1.088562
0.757372 -0.139957 -0.961104
2.060847 -0.351608 -0.897722
  
-1.925382 -0.680639 0.265817
-2.585008 -0.714568 1.138572
-1.198047 -1.492728 0.370352
-2.532403 -0.909403 -0.614880
-1.227056 0.693063 0.131931
-1.517144 1.186442 -0.802976
-1.539173 1.367294 0.938770
0.290385 0.619570 0.182412
0.760727 1.606701 0.128877
0.659538 0.091967 1.067528
0.737159 -0.135254 -0.986969
2.042877 -0.339665 -0.955730
  
-1.927031 -0.678203 0.267078
-2.698951 -0.669513 1.042861
-1.215508 -1.467437 0.535472
-2.393324 -0.977043 -0.675727
-1.224514 0.693463 0.151110
-1.538966 1.217632 -0.758750
-1.510761 1.342442 0.988272
0.293044 0.613082 0.172156
0.767062 1.598748 0.124118
0.672759 0.072245 1.044758
0.717503 -0.128713 -1.013475
2.025160 -0.323923 -1.014170
  
-1.926079 -0.676061 0.269181
-2.796357 -0.629245 0.931296
-1.254642 -1.433468 0.691453
-2.248642 -1.042069 -0.709268
-1.221837 0.692560 0.170521
-1.558089 1.242587 -0.716129
-1.486413 1.316714 1.033888
0.295354 0.606476 0.162736
0.772707 1.590803 0.121884
0.686380 0.050766 1.020897
0.697924 -0.118978 -1.040913
2.006166 -0.307303 -1.071844
  
-1.923266 -0.674753 0.274278
-2.875760 -0.595456 0.808055
-1.312791 -1.394365 0.834118
-2.104461 -1.102569 -0.715468
-1.218814 0.690453 0.190655
-1.572115 1.259252 -0.677624
-1.466460 1.294214 1.073753
0.297978 0.599662 0.154299
0.777957 1.583082 0.124534
0.700830 0.026536 0.995493
0.677936 -0.103684 -1.069182
1.985440 -0.289592 -1.129209
  
-1.919045 -0.674414 0.282552
-2.935673 -0.570326 0.675662
-1.385583 -1.352175 0.960992
-1.965648 -1.158456 -0.697046
-1.215333 0.688242 0.211995
-1.581240 1.270221 -0.642673
-1.450707 1.276404 1.109053
0.300352 0.593450 0.147428
0.783306 1.575656 0.130315
0.716832 0.000801 0.968225
0.656744 -0.084030 -1.098099
1.962469 -0.272593 -1.184699
  
-1.915264 -0.674895 0.294562
-2.976180 -0.554130 0.537472
-1.473565 -1.309150 1.073229
-1.834399 -1.210080 -0.656189
-1.210984 0.685620 0.233947
-1.585355 1.274845 -0.612423
-1.436297 1.265451 1.138908
0.303493 0.586603 0.141592
0.789476 1.567421 0.140419
0.732884 -0.027187 0.940035
0.634917 -0.060077 -1.126369
1.937746 -0.251640 -1.241478
  
-1.912313 -0.675862 0.308531
-2.996355 -0.547680 0.395445
-1.573808 -1.264260 1.169923
-1.712247 -1.259534 -0.595495
-1.205941 0.683167 0.256311
-1.586398 1.277800 -0.583862
-1.422677 1.257887 1.166346
0.306466 0.580955 0.136402
0.795831 1.559912 0.152704
0.749884 -0.055940 0.908585
0.612535 -0.031038 -1.155720
1.911496 -0.232628 -1.295466
  
-1.909045 -0.676838 0.322569
-2.994905 -0.555119 0.252135
-1.682122 -1.216896 1.249098
-1.595537 -1.304520 -0.518042
-1.201193 0.682701 0.278441
-1.587262 1.283025 -0.555205
-1.407564 1.253882 1.192669
0.309098 0.576439 0.130490
0.803579 1.552313 0.166483
0.763239 -0.084147 0.876184
0.587743 0.001499 -1.183622
1.880443 -0.219558 -1.347497
  
-1.908053 -0.678694 0.334564
-2.973715 -0.568950 0.109322
-1.804150 -1.167593 1.309444
-1.492959 -1.350335 -0.424593
-1.195016 0.681008 0.300623
-1.587576 1.291806 -0.522285
-1.388820 1.244793 1.221699
0.312087 0.574040 0.124138
0.809725 1.547742 0.173880
0.780204 -0.105797 0.843193
0.563967 0.030898 -1.209613
1.850779 -0.206138 -1.396667
  
-1.907305 -0.680684 0.343620
-2.932182 -0.592706 -0.030214
-1.934728 -1.113959 1.348851
-1.400662 -1.394139 -0.315481
-1.188567 0.679971 0.321815
-1.589742 1.306109 -0.484989
-1.365303 1.231810 1.253109
0.314792 0.572362 0.116272
0.816244 1.543568 0.176477
0.794421 -0.123295 0.812177
0.539344 0.055845 -1.232665
1.820161 -0.192100 -1.445269
  
-1.907245 -0.683298 0.349381
-2.871594 -0.622792 -0.164054
-2.075451 -1.053623 1.365548
-1.323425 -1.438375 -0.188298
-1.181310 0.677834 0.341608
-1.593845 1.324710 -0.442318
-1.335994 1.210888 1.287365
0.317606 0.570893 0.106882
0.822052 1.540229 0.172623
0.808330 -0.136391 0.782972
0.515565 0.074397 -1.253690
1.791782 -0.171691 -1.494314
  
-1.905757 -0.686237 0.351594
-2.792207 -0.658988 -0.288915
-2.219789 -0.988869 1.355332
-1.262244 -1.477690 -0.047351
-1.173801 0.675042 0.360948
-1.602388 1.347249 -0.391928
-1.300949 1.181382 1.325278
0.319715 0.570705 0.095553
0.825932 1.539177 0.161070
0.821755 -0.143277 0.756060
0.491936 0.086234 -1.272816
1.764270 -0.151948 -1.541119
  
-1.902922 -0.689407 0.353041
-2.695288 -0.701383 -0.400880
-2.363813 -0.916874 1.319379
-1.221472 -1.511738 0.110645
-1.166011 0.670633 0.378752
-1.613056 1.368136 -0.339055
-1.263211 1.145603 1.362544
0.321602 0.569676 0.083197
0.829554 1.537273 0.148557
0.833792 -0.150563 0.728923
0.469218 0.096947 -1.292104
1.738080 -0.125523 -1.589295
  
-1.899280 -0.691876 0.355983
-2.583945 -0.749686 -0.495015
-2.498737 -0.842943 1.259569
-1.203705 -1.534098 0.277657
-1.158378 0.664261 0.395933
-1.624317 1.384039 -0.286770
-1.225674 1.108277 1.397018
0.323036 0.567125 0.070466
0.832701 1.533675 0.137856
0.844513 -0.160402 0.700432
0.447539 0.108505 -1.311856
1.712720 -0.094097 -1.637571
  
-1.894830 -0.693065 0.360846
-2.460724 -0.804540 -0.568683
-2.617570 -0.771738 1.179991
-1.207349 -1.541619 0.445132
-1.150910 0.657163 0.413344
-1.634011 1.394259 -0.238367
-1.192843 1.073430 1.428200
0.323983 0.563280 0.058813
0.836962 1.527627 0.131900
0.853802 -0.174550 0.669638
0.424856 0.124626 -1.331859
1.685107 -0.062092 -1.685251
  
-1.889904 -0.693652 0.367558
-2.327585 -0.861881 -0.620911
-2.717645 -0.709123 1.085031
-1.231325 -1.536968 0.603268
-1.143543 0.650420 0.432177
-1.639954 1.400613 -0.194468
-1.165406 1.043147 1.457387
0.324405 0.559245 0.048701
0.841382 1.520850 0.129115
0.862680 -0.190185 0.637693
0.399859 0.144318 -1.350821
1.653509 -0.034006 -1.731027
  
-1.885835 -0.693648 0.375908
-2.189027 -0.923632 -0.650011
-2.799487 -0.655597 0.979217
-1.272872 -1.521366 0.750699
-1.136120 0.644203 0.451431
-1.640997 1.404122 -0.157107
-1.143316 1.019601 1.483478
0.324569 0.554152 0.040159
0.847612 1.511418 0.131790
0.869970 -0.210096 0.603081
0.373147 0.169450 -1.369143
1.618827 -0.005828 -1.775798
  
-1.882940 -0.693559 0.385189
-2.048639 -0.989233 -0.655358
-2.864473 -0.611504 0.864459
-1.331627 -1.497597 0.886881
-1.128354 0.638366 0.470692
-1.637381 1.405788 -0.125511
-1.124462 1.002262 1.506789
0.324869 0.548059 0.032639
0.855810 1.499449 0.138455
0.875953 -0.233186 0.566008
0.345520 0.199036 -1.386558
1.582197 0.024897 -1.819981
  
-1.880662 -0.694096 0.394627
-1.909808 -1.058916 -0.636882
-2.912612 -0.576451 0.741344
-1.405453 -1.466966 1.010769
-1.120003 0.633092 0.489505
-1.630651 1.407034 -0.097421
-1.107063 0.989005 1.527992
0.325286 0.542322 0.025419
0.865876 1.486048 0.149103
0.880048 -0.258232 0.525396
0.317578 0.235265 -1.403602
1.543937 0.054675 -1.862545

'WARNING: The zero of the relative energy is arbitrary minimum'

0	0
10	0
20	0
30	0
40	0
50	0
60	0
70	0
80	0
90	0
100	0
110	0
120	0
130	0
140	0
150	0
160	0
170	0
180	0
190	0
200	0
210	0
220	0
230	0
240	0
250	0
260	0
270	0
280	0
290	0
300	0
310	0
320	0
330	0
340	0
350	0
360	0
