C9H19         N        (N for nonlinear, L for linear)
28 127.25          Number of atoms, molecular weight
-11.8093456795				Enthalpy of formation at the standard state!kcal
0.0529381111111 1    Rotational constat (cm-1), symmetry number
1         Statistical weight
0         Number of internal rotor, Br, sigma, dim, vr 
20.0683
45.1076
75.59
103.6033
126.684
223.5293
227.3217
231.0235
234.406
255.6938
264.6887
327.3892
364.9643
382.4635
420.6166
447.253
504.431
523.2059
749.9461
814.8001
840.3949
924.8096
929.6094
929.9299
947.8856
956.7299
960.2759
969.8999
1036.2332
1076.5775
1097.2258
1113.9191
1133.7265
1177.2473
1187.8982
1193.2603
1225.1408
1260.4627
1307.1783
1320.4602
1329.772
1357.4054
1370.4535
1387.4028
1395.0035
1401.3815
1409.2757
1420.8159
1425.6987
1469.4153
1487.387
1489.2933
1490.7027
1492.1511
1499.2876
1503.048
1506.8019
1511.3642
1512.4961
2928.2486
2976.6113
2982.7739
2984.7017
3000.7843
3012.8142
3014.3357
3018.6121
3019.1768
3039.3704
3071.5237
3074.7193
3078.251
3080.8212
3083.4238
3089.6628
3090.6536
3091.3024
3122.5974
