 C9H19O2          Molecular weight =159.249

 Heat of formation at 298K =  -32.850 (kcal/mol)

 B =   0.029 cm?1     Symmetric number =  1

 Internal rotation
 ===================================================
  No      Br       sigma    dim      Vr(kcal/mol)
 ===================================================


 Vibrational Frequencies (cm^-1)
 -------------------------------
         21.
         36.
         53.
         69.
         84.
        103.
        111.
        120.
        183.
        187.
        194.
        226.
        247.
        256.
        321.
        369.
        383.
        422.
        459.
        484.
        622.
        743.
        765.
        807.
        836.
        868.
        939.
        943.
        944.
        973.
        979.
        990.
       1010.
       1016.
       1036.
       1049.
       1077.
       1136.
       1144.
       1193.
       1257.
       1271.
       1290.
       1299.
       1322.
       1333.
       1349.
       1359.
       1362.
       1374.
       1394.
       1397.
       1398.
       1415.
       1418.
       1465.
       1472.
       1476.
       1478.
       1486.
       1489.
       1496.
       1500.
       1503.
       1508.
       2919.
       2925.
       2977.
       2978.
       3006.
       3009.
       3020.
       3021.
       3023.
       3023.
       3028.
       3057.
       3069.
       3070.
       3072.
       3077.
       3084.
       3101.
       3775.
 -------------------------------


1
   T(K)       Cp(cal/mol/K)   S(cal/mol/K)  [H(T)-H(298K)](kcal/mol)
 -----------------------------------------------------------------
   50.00          0.000          0.000            -9.862
  100.00         29.257         83.589            -8.343
  200.00         42.060        107.996            -4.749
  298.15         55.103        127.144             0.000
  300.00         55.368        127.486             0.102
  350.00         62.648        136.566             3.052
  400.00         69.887        145.406             6.366
  450.00         76.820        154.042            10.036
  500.00         83.309        162.476            14.041
  500.00         83.309        162.476            14.041
  550.00         89.309        170.701            18.358
  600.00         94.831        178.712            22.964
  650.00         99.910        186.506            27.834
  700.00        104.586        194.084            32.948
  750.00        108.902        201.449            38.287
  800.00        112.892        208.606            43.833
  850.00        116.588        215.562            49.571
  900.00        120.017        222.325            55.487
  950.00        123.201        228.900            61.569
 1000.00        126.159        235.295            67.803
 1100.00        131.471        247.575            80.691
 1200.00        136.073        259.216            94.074
 1300.00        140.067        270.269           107.886
 1400.00        143.541        280.780           122.070
 1500.00        146.570        290.789           136.579
 1600.00        149.219        300.334           151.371
 1700.00        151.541        309.452           166.412
 1800.00        153.584        318.173           181.670
 1900.00        155.387        326.526           197.121
 2000.00        156.984        334.538           212.741
 2100.00        158.402        342.232           228.512
 2200.00        159.667        349.631           244.416
 2300.00        160.797        356.754           260.440
 2400.00        161.811        363.619           276.572
 2500.00        162.724        370.243           292.799
 2600.00        163.547        376.642           309.114
 2700.00        164.293        382.828           325.506
 2800.00        164.969        388.816           341.970
 2900.00        165.584        394.615           358.498
 3000.00        166.145        400.239           375.085
 -----------------------------------------------------------------
1
 High temperature

     Input value
     ------------


 No.Points =   20    Gas constant=      1.9871     Enthalpy of formation=   -32.8504



 Cpo at To=       126.159     H-H298 at To=     67803.445     Sto at To=       235.295






     TEMP.          H-H298          Pred/Correct          Sto          Pred/Correct          Cpo          Pred/Correct
     -----          ------          ------------          ---          ------------          ---          ------------

       1100.0      80691.3359             0.9999          247.5749           1.0000          131.4708           0.9984
       1200.0      94073.9766             0.9996          259.2164           0.9999          136.0725           0.9981
       1300.0     107885.6094             0.9994          270.2695           0.9998          140.0669           0.9984
       1400.0     122070.0156             0.9994          280.7796           0.9998          143.5412           0.9991
       1500.0     136579.0156             0.9994          290.7886           0.9998          146.5704           0.9998
       1600.0     151371.4219             0.9994          300.3345           0.9998          149.2188           1.0005
       1700.0     166411.9219             0.9996          309.4520           0.9998          151.5412           1.0010
       1800.0     181670.3438             0.9997          318.1729           0.9998          153.5841           1.0013
       1900.0     197120.7656             0.9998          326.5261           0.9999          155.3872           1.0014
       2000.0     212740.8906             0.9999          334.5379           0.9999          156.9837           1.0013
       2100.0     228511.5781             1.0000          342.2321           0.9999          158.4022           1.0010
       2200.0     244416.2031             1.0001          349.6307           1.0000          159.6665           1.0005
       2300.0     260440.4375             1.0001          356.7536           1.0000          160.7972           1.0001
       2400.0     276571.7500             1.0001          363.6189           1.0000          161.8114           0.9996
       2500.0     292799.3125             1.0000          370.2432           0.9999          162.7239           0.9992
       2600.0     309113.5938             1.0000          376.6416           0.9999          163.5474           0.9990
       2700.0     325506.1875             0.9999          382.8282           0.9999          164.2926           0.9991
       2800.0     341969.7813             0.9999          388.8155           0.9999          164.9689           0.9994
       2900.0     358497.9375             0.9999          394.6154           0.9999          165.5841           1.0001
       3000.0     375084.8125             0.9999          400.2385           0.9999          166.1453           1.0013
     -----------------------------------------------------------------------------------------------------------------




     Least square coefficients
     -------------------------
     A(1)=  0.16756329E+02

     A(2)=  0.70923813E-01

     A(3)= -0.29148829E-04

     A(4)=  0.52764335E-08

     A(5)= -0.32011817E-12

     A6=-0.26167496E+05

     A7=-0.55368271E+02

     Lambdao= 0.36623269E+00

     Lambda1= 0.12343476E+00

     Lambda2= 0.37645647E+00


     -----------------------------------------------------------------------------------------------------------------
     NER= 1
     -----------------------------------------------------------------------------------------------------------------
1
     1100. K to     3000. K
 0.16756329E+02 0.70923813E-01-0.29148829E-04 0.52764335E-08-0.32011817E-12
-0.26167496E+05-0.55368271E+02
                               0.16756329E+02 0.70923813E-01-0.29148829E-04
 0.52764335E-08-0.32011817E-12-0.26167496E+05-0.55368271E+02



 Low temperature


     Input value
     ------------


 No.Points =   15    Gas constant=      1.9871     Enthalpy of formation=   -32.8504



 Cpo at To=       126.159     H-H298 at To=     67803.445     Sto at To=       235.295






     TEMP.          H-H298          Pred/Correct          Sto          Pred/Correct          Cpo          Pred/Correct
     -----          ------          ------------          ---          ------------          ---          ------------

        300.0        102.1857             0.9595          127.4859           0.9999           55.3682           0.9979
        350.0       3052.0283             0.9994          136.5659           0.9999           62.6477           1.0022
        400.0       6366.2227             1.0007          145.4061           1.0000           69.8871           1.0014
        450.0      10035.5645             1.0007          154.0418           1.0001           76.8204           0.9999
        500.0      14040.8047             1.0003          162.4757           1.0000           83.3092           0.9991
        500.0      14040.8047             1.0003          162.4757           1.0000           83.3092           0.9991
        550.0      18358.3105             1.0000          170.7012           1.0000           89.3094           0.9992
        600.0      22963.7578             0.9999          178.7122           1.0000           94.8313           0.9997
        650.0      27834.0430             0.9999          186.5061           1.0000           99.9096           1.0003
        700.0      32948.0234             1.0000          194.0837           1.0000          104.5862           1.0007
        750.0      38286.6445             1.0001          201.4485           1.0000          108.9016           1.0007
        800.0      43832.7695             1.0002          208.6059           1.0000          112.8919           1.0004
        850.0      49570.9375             1.0002          215.5623           1.0000          116.5882           0.9999
        900.0      55487.1289             1.0001          222.3246           1.0000          120.0168           0.9994
        950.0      61568.5430             1.0000          228.8999           1.0000          123.2006           0.9993
     -----------------------------------------------------------------------------------------------------------------




     Least square coefficients
     -------------------------
     A(1)=  0.33838849E+01

     A(2)=  0.80136873E-01

     A(3)=  0.25277857E-04

     A(4)= -0.80841517E-07

     A(5)=  0.35530526E-10

     A6=-0.21184455E+05

     A7= 0.20322187E+02

     Lambdao= 0.44490814E-01

     Lambda1=-0.42175144E-01

     Lambda2=-0.12485698E-01


     -----------------------------------------------------------------------------------------------------------------
     NER= 1
     -----------------------------------------------------------------------------------------------------------------
1
      300. K to      950. K
 0.33838849E+01 0.80136873E-01 0.25277857E-04-0.80841517E-07 0.35530526E-10
-0.21184455E+05 0.20322187E+02
                               0.33838849E+01 0.80136873E-01 0.25277857E-04
-0.80841517E-07 0.35530526E-10-0.21184455E+05 0.20322187E+02
