C9H19O2         N        (N for nonlinear, L for linear)
30 159.249          Number of atoms, molecular weight
-32.8503834895				Enthalpy of formation at the standard state!kcal
0.0289326666667 1    Rotational constat (cm-1), symmetry number
1         Statistical weight
0         Number of internal rotor, Br, sigma, dim, vr 
20.6716
35.6337
53.127
68.9659
83.9946
102.6596
111.2452
120.3331
182.9356
187.1731
194.1584
225.8288
246.69
256.3597
320.8932
368.8506
383.4935
422.0413
459.0223
483.6524
622.0258
743.2363
765.076
806.9545
835.8429
867.7033
939.0382
943.3077
944.1069
973.2469
979.4981
989.9726
1010.2764
1015.918
1035.7213
1049.348
1077.2907
1135.666
1143.8676
1192.8291
1257.3928
1270.7318
1289.9386
1298.95
1322.141
1333.4691
1348.5982
1359.4806
1361.6677
1374.2203
1393.8302
1396.6275
1398.178
1415.3013
1417.6389
1464.8938
1471.7379
1476.2201
1478.348
1486.0615
1489.2427
1495.8039
1499.9916
1503.4212
1508.452
2918.9826
2924.739
2976.5672
2978.0581
3005.6175
3008.8599
3020.1009
3020.9778
3023.037
3023.4196
3028.2493
3056.9477
3068.6388
3069.9877
3071.6302
3077.0869
3084.1327
3100.6036
3775.0832
