C9H18O         N        (N for nonlinear, L for linear)
28 159.249          Number of atoms, molecular weight
-61.8692696845				Enthalpy of formation at the standard state!kcal
0.039934 1    Rotational constat (cm-1), symmetry number
1         Statistical weight
0         Number of internal rotor, Br, sigma, dim, vr 
35.3034
54.7705
60.695
115.7847
143.9584
215.352
223.1711
230.9561
246.5466
276.4746
308.067
342.4564
410.2533
417.3634
457.557
533.0635
718.9968
757.7473
825.1107
839.1022
895.6231
925.662
927.3856
938.6234
963.6179
973.885
996.3851
1014.3635
1043.6905
1057.5241
1094.8257
1126.7276
1144.8725
1149.2273
1168.5792
1189.5796
1198.0924
1233.4289
1263.7417
1276.2567
1301.3053
1318.0844
1340.9527
1345.7511
1369.7955
1378.3781
1397.2493
1402.4429
1415.7886
1417.0526
1423.0419
1481.1646
1491.2319
1495.6637
1498.5116
1499.1845
1502.9231
1506.2768
1513.3785
1527.9365
2971.9254
2987.0914
2994.7359
2999.5031
3013.6195
3016.4194
3018.9399
3019.6743
3024.6069
3037.6752
3056.0249
3061.3643
3072.823
3079.0687
3080.1386
3084.0777
3085.279
3095.3901
