C9H19O2         N        (N for nonlinear, L for linear)
30 159.249          Number of atoms, molecular weight
-33.7778432695				Enthalpy of formation at the standard state!kcal
0.0291713333333 1    Rotational constat (cm-1), symmetry number
1         Statistical weight
0         Number of internal rotor, Br, sigma, dim, vr 
32.0692
35.882
62.0787
85.6478
98.3916
102.3189
108.1615
142.0153
193.3675
216.2383
227.7705
239.2005
249.2673
259.8796
344.7505
372.9197
398.7268
440.1557
457.6465
506.6615
568.0743
739.9583
777.4278
811.1214
830.3474
842.6492
920.1103
930.7549
945.1701
961.1445
964.1918
986.6797
1000.8321
1021.6281
1041.7359
1058.6706
1120.9784
1138.2265
1190.4917
1205.1276
1223.9568
1254.4596
1297.8391
1300.3487
1311.4368
1331.6758
1345.3592
1348.967
1366.569
1371.8726
1387.8845
1400.5676
1403.9783
1408.8521
1423.3164
1459.9061
1469.5061
1478.8182
1482.7833
1488.7298
1492.3713
1498.0228
1506.392
1507.5895
1514.4004
2929.6605
2964.7776
2984.0974
2990.6123
2995.1623
3006.4128
3013.5652
3018.7896
3023.0572
3026.5288
3035.5241
3070.0986
3072.3946
3076.6913
3078.8247
3079.1445
3083.4126
3091.8675
3769.9533
