C9H18O         N        (N for nonlinear, L for linear)
28 159.249          Number of atoms, molecular weight
-55.8790592245				Enthalpy of formation at the standard state!kcal
0.0512271111111 1    Rotational constat (cm-1), symmetry number
1         Statistical weight
0         Number of internal rotor, Br, sigma, dim, vr 
34.323
45.1904
66.276
95.758
131.039
133.9472
217.5647
229.975
244.363
261.0684
356.6272
385.1407
414.9823
455.7741
486.6089
740.3277
756.7599
820.1339
842.9071
876.7255
900.7094
928.9464
946.0192
962.245
966.5789
972.0911
1008.133
1028.4014
1046.8002
1056.1149
1081.862
1117.7711
1149.3576
1159.1078
1164.5413
1190.9823
1203.6088
1234.9404
1257.7236
1287.4938
1306.9932
1315.7714
1332.5504
1337.9879
1358.808
1371.8438
1383.6037
1398.8805
1403.3981
1407.0076
1423.3982
1481.7599
1486.5372
1492.2537
1497.7133
1506.398
1507.6253
1514.2584
1515.0894
1539.4438
2984.805
2992.4573
2995.1649
2996.2678
3005.5712
3009.1383
3013.9143
3018.9109
3019.9056
3024.9887
3039.773
3048.2087
3052.7909
3065.8685
3072.9458
3079.4428
3084.53
3093.5854
