C9H18O         N        (N for nonlinear, L for linear)
28 159.249          Number of atoms, molecular weight
-61.8435417745				Enthalpy of formation at the standard state!kcal
0.0451158888889 1    Rotational constat (cm-1), symmetry number
1         Statistical weight
0         Number of internal rotor, Br, sigma, dim, vr 
34.8104
58.747
87.9801
117.5499
133.0924
189.6836
217.4452
224.701
244.5557
256.3263
360.9959
365.6575
383.5765
405.9724
437.9453
449.3336
529.4146
711.91
749.8682
803.9182
815.5112
858.0681
911.5888
926.6085
931.203
958.0065
964.515
1002.2596
1008.9643
1049.4474
1062.553
1075.264
1131.1092
1141.6427
1160.0516
1172.0213
1191.1167
1222.4829
1232.303
1283.5242
1312.0241
1334.7997
1344.9314
1370.1789
1383.7504
1392.7828
1401.2558
1412.6838
1420.8496
1421.7349
1478.3007
1482.7504
1487.8338
1492.0475
1497.5996
1499.7574
1505.6383
1511.0978
1514.99
1535.6379
2983.373
2992.1874
3000.4476
3012.9836
3013.7941
3019.2163
3025.045
3026.9126
3031.7389
3072.1551
3076.2617
3078.5797
3081.5522
3083.4971
3084.7305
3095.0146
3110.9572
3166.0206
