 C5H10            Molecular weight = 70.134

 Heat of formation at 298K =   -7.233 (kcal/mol)

 B =   0.153 cm?1     Symmetric number =  1

 Internal rotation
 ===================================================
  No      Br       sigma    dim      Vr(kcal/mol)
 ===================================================


 Vibrational Frequencies (cm^-1)
 -------------------------------
         99.
        225.
        243.
        314.
        321.
        347.
        504.
        696.
        801.
        931.
        932.
        944.
        963.
       1006.
       1035.
       1116.
       1184.
       1216.
       1319.
       1336.
       1342.
       1398.
       1418.
       1456.
       1490.
       1491.
       1503.
       1513.
       1706.
       3013.
       3016.
       3021.
       3076.
       3082.
       3093.
       3095.
       3103.
       3124.
       3205.
 -------------------------------


1
   T(K)       Cp(cal/mol/K)   S(cal/mol/K)  [H(T)-H(298K)](kcal/mol)
 -----------------------------------------------------------------
   50.00          0.000          0.000            -4.302
  100.00         12.610         57.987            -3.740
  200.00         18.852         68.716            -2.156
  298.15         25.261         77.403             0.000
  300.00         25.391         77.560             0.047
  350.00         28.938         81.739             1.405
  400.00         32.458         85.834             2.940
  450.00         35.829         89.854             4.648
  500.00         38.989         93.794             6.520
  500.00         38.989         93.794             6.520
  550.00         41.919         97.650             8.543
  600.00         44.626        101.415            10.708
  650.00         47.125        105.087            13.002
  700.00         49.437        108.665            15.417
  750.00         51.581        112.150            17.943
  800.00         53.572        115.543            20.573
  850.00         55.424        118.847            23.298
  900.00         57.149        122.064            26.113
  950.00         58.756        125.198            29.011
 1000.00         60.255        128.250            31.987
 1100.00         62.958        134.123            38.151
 1200.00         65.312        139.704            44.567
 1300.00         67.362        145.015            51.203
 1400.00         69.151        150.074            58.030
 1500.00         70.715        154.899            65.026
 1600.00         72.085        159.508            72.167
 1700.00         73.289        163.915            79.437
 1800.00         74.349        168.135            86.820
 1900.00         75.285        172.180            94.303
 2000.00         76.115        176.063           101.874
 2100.00         76.853        179.795           109.523
 2200.00         77.511        183.386           117.241
 2300.00         78.100        186.844           125.023
 2400.00         78.628        190.180           132.859
 2500.00         79.104        193.399           140.746
 2600.00         79.533        196.510           148.679
 2700.00         79.922        199.519           156.652
 2800.00         80.275        202.432           164.662
 2900.00         80.596        205.255           172.706
 3000.00         80.889        207.992           180.780
 -----------------------------------------------------------------
1
 High temperature

     Input value
     ------------


 No.Points =   20    Gas constant=      1.9871     Enthalpy of formation=    -7.2332



 Cpo at To=        60.255     H-H298 at To=     31986.729     Sto at To=       128.250






     TEMP.          H-H298          Pred/Correct          Sto          Pred/Correct          Cpo          Pred/Correct
     -----          ------          ------------          ---          ------------          ---          ------------

       1100.0      38150.5391             0.9998          134.1228           0.9999           62.9583           0.9980
       1200.0      44566.7344             0.9995          139.7041           0.9999           65.3116           0.9974
       1300.0      51202.7695             0.9992          145.0147           0.9998           67.3622           0.9978
       1400.0      58030.4766             0.9991          150.0737           0.9997           69.1515           0.9986
       1500.0      65025.5586             0.9991          154.8992           0.9997           70.7154           0.9996
       1600.0      72167.0938             0.9992          159.5078           0.9997           72.0854           1.0005
       1700.0      79437.0859             0.9994          163.9148           0.9997           73.2887           1.0012
       1800.0      86820.0625             0.9995          168.1345           0.9998           74.3486           1.0017
       1900.0      94302.6953             0.9997          172.1799           0.9998           75.2850           1.0019
       2000.0     101873.5156             0.9999          176.0631           0.9999           76.1150           1.0018
       2100.0     109522.6250             1.0000          179.7949           0.9999           76.8529           1.0014
       2200.0     117241.4375             1.0001          183.3856           0.9999           77.5110           1.0009
       2300.0     125022.5156             1.0001          186.8443           0.9999           78.0998           1.0002
       2400.0     132859.3906             1.0001          190.1796           0.9999           78.6283           0.9996
       2500.0     140746.4063             1.0000          193.3992           0.9999           79.1039           0.9990
       2600.0     148678.6250             1.0000          196.5102           0.9999           79.5333           0.9986
       2700.0     156651.7188             0.9999          199.5192           0.9999           79.9220           0.9986
       2800.0     164661.8281             0.9998          202.4323           0.9999           80.2748           0.9990
       2900.0     172705.6094             0.9998          205.2549           0.9999           80.5958           1.0001
       3000.0     180780.0469             0.9999          207.9922           0.9999           80.8887           1.0020
     -----------------------------------------------------------------------------------------------------------------




     Least square coefficients
     -------------------------
     A(1)=  0.83136244E+01

     A(2)=  0.31778041E-01

     A(3)= -0.11168913E-04

     A(4)=  0.14022766E-08

     A(5)= -0.24851354E-14

     A6=-0.83729209E+04

     A7=-0.19549156E+02

     Lambdao= 0.25048837E+00

     Lambda1= 0.82781121E-01

     Lambda2= 0.25269312E+00


     -----------------------------------------------------------------------------------------------------------------
     NER= 1
     -----------------------------------------------------------------------------------------------------------------
1
     1100. K to     3000. K
 0.83136244E+01 0.31778041E-01-0.11168913E-04 0.14022766E-08-0.24851354E-14
-0.83729209E+04-0.19549156E+02
                               0.83136244E+01 0.31778041E-01-0.11168913E-04
 0.14022766E-08-0.24851354E-14-0.83729209E+04-0.19549156E+02



 Low temperature


     Input value
     ------------


 No.Points =   15    Gas constant=      1.9871     Enthalpy of formation=    -7.2332



 Cpo at To=        60.255     H-H298 at To=     31986.729     Sto at To=       128.250






     TEMP.          H-H298          Pred/Correct          Sto          Pred/Correct          Cpo          Pred/Correct
     -----          ------          ------------          ---          ------------          ---          ------------

        300.0         46.8538             0.9559           77.5596           0.9999           25.3910           0.9979
        350.0       1404.8708             0.9993           81.7394           0.9999           28.9384           1.0022
        400.0       2940.2017             1.0007           85.8344           1.0000           32.4582           1.0014
        450.0       4648.1768             1.0007           89.8540           1.0001           35.8291           0.9999
        500.0       6519.5732             1.0003           93.7945           1.0000           38.9890           0.9991
        500.0       6519.5732             1.0003           93.7945           1.0000           38.9890           0.9991
        550.0       8543.2314             1.0000           97.6497           1.0000           41.9191           0.9992
        600.0      10707.7500             0.9999          101.4148           1.0000           44.6255           0.9997
        650.0      13002.3359             0.9999          105.0868           1.0000           47.1251           1.0003
        700.0      15417.1338             1.0000          108.6648           1.0000           49.4372           1.0006
        750.0      17943.2480             1.0001          112.1496           1.0000           51.5806           1.0007
        800.0      20572.6582             1.0002          115.5429           1.0000           53.5715           1.0004
        850.0      23298.0898             1.0002          118.8469           1.0000           55.4237           0.9999
        900.0      26112.9043             1.0001          122.0643           1.0000           57.1486           0.9995
        950.0      29011.0000             1.0000          125.1977           1.0000           58.7563           0.9994
     -----------------------------------------------------------------------------------------------------------------




     Least square coefficients
     -------------------------
     A(1)=  0.68906748E+00

     A(2)=  0.40563338E-01

     A(3)=  0.74558911E-05

     A(4)= -0.33313231E-07

     A(5)=  0.14927485E-10

     A6=-0.56563975E+04

     A7= 0.22861061E+02

     Lambdao= 0.17920092E-01

     Lambda1=-0.16081825E-01

     Lambda2=-0.49497727E-02


     -----------------------------------------------------------------------------------------------------------------
     NER= 1
     -----------------------------------------------------------------------------------------------------------------
1
      300. K to      950. K
 0.68906748E+00 0.40563338E-01 0.74558911E-05-0.33313231E-07 0.14927485E-10
-0.56563975E+04 0.22861061E+02
                               0.68906748E+00 0.40563338E-01 0.74558911E-05
-0.33313231E-07 0.14927485E-10-0.56563975E+04 0.22861061E+02
