C9H19         N        (N for nonlinear, L for linear)
28 127.25          Number of atoms, molecular weight
-9.18258881956				Enthalpy of formation at the standard state!kcal
0.0542431111111 1    Rotational constat (cm-1), symmetry number
1         Statistical weight
0         Number of internal rotor, Br, sigma, dim, vr 
38.249
57.3947
95.5322
117.7583
124.2301
139.1392
223.6586
229.8136
238.1358
251.8809
260.0449
350.6542
368.7114
405.735
421.7533
462.7984
493.407
555.4078
742.5289
801.8351
838.6421
854.4512
922.0698
930.4832
944.8056
960.5823
965.0295
987.0546
1006.3628
1047.9781
1062.009
1068.1808
1128.7898
1165.0424
1191.0395
1193.7009
1231.7681
1269.4939
1303.4148
1313.1729
1329.6188
1345.2588
1367.176
1369.8207
1382.8012
1394.1297
1401.2142
1404.6741
1422.7952
1459.9683
1482.2963
1487.8597
1492.3018
1495.4636
1497.6968
1499.9498
1507.0197
1508.8332
1514.4373
2980.1156
2984.1537
2990.7724
2993.9124
3004.8754
3012.9609
3016.1649
3018.5231
3020.8925
3028.0731
3058.49
3071.5675
3078.0035
3080.5618
3082.2946
3091.9989
3093.5334
3123.4792
3225.258
