 C4H8             Molecular weight = 56.108

 Heat of formation at 298K =   -4.370 (kcal/mol)

 B =   0.246 cm?1     Symmetric number =  1

 Internal rotation
 ===================================================
  No      Br       sigma    dim      Vr(kcal/mol)
 ===================================================


 Vibrational Frequencies (cm^-1)
 -------------------------------
        165.
        207.
        379.
        440.
        440.
        703.
        814.
        917.
        960.
        983.
       1022.
       1083.
       1106.
       1293.
       1410.
       1413.
       1442.
       1472.
       1486.
       1490.
       1503.
       1720.
       3006.
       3012.
       3050.
       3053.
       3102.
       3104.
       3127.
       3206.
 -------------------------------


1
   T(K)       Cp(cal/mol/K)   S(cal/mol/K)  [H(T)-H(298K)](kcal/mol)
 -----------------------------------------------------------------
   50.00          0.000          0.000            -3.542
  100.00         10.766         54.718            -3.055
  200.00         15.360         63.586            -1.750
  298.15         20.412         70.637             0.000
  300.00         20.513         70.763             0.038
  350.00         23.263         74.132             1.132
  400.00         25.977         77.416             2.364
  450.00         28.572         80.627             3.728
  500.00         31.006         83.765             5.218
  500.00         31.006         83.765             5.218
  550.00         33.267         86.828             6.826
  600.00         35.361         89.813             8.542
  650.00         37.301         92.721            10.359
  700.00         39.100         95.552            12.270
  750.00         40.772         98.307            14.267
  800.00         42.329        100.989            16.345
  850.00         43.781        103.599            18.498
  900.00         45.135        106.141            20.721
  950.00         46.399        108.615            23.010
 1000.00         47.580        111.025            25.360
 1100.00         49.711        115.663            30.227
 1200.00         51.571        120.070            35.293
 1300.00         53.194        124.263            40.533
 1400.00         54.611        128.258            45.925
 1500.00         55.851        132.069            51.450
 1600.00         56.937        135.709            57.090
 1700.00         57.893        139.190            62.833
 1800.00         58.734        142.524            68.665
 1900.00         59.478        145.719            74.576
 2000.00         60.137        148.787            80.558
 2100.00         60.724        151.736            86.601
 2200.00         61.247        154.573            92.700
 2300.00         61.715        157.306            98.849
 2400.00         62.135        159.942           105.042
 2500.00         62.514        162.486           111.275
 2600.00         62.855        164.945           117.543
 2700.00         63.164        167.323           123.845
 2800.00         63.445        169.625           130.175
 2900.00         63.701        171.856           136.533
 3000.00         63.934        174.020           142.915
 -----------------------------------------------------------------
1
 High temperature

     Input value
     ------------


 No.Points =   20    Gas constant=      1.9871     Enthalpy of formation=    -4.3704



 Cpo at To=        47.580     H-H298 at To=     25359.984     Sto at To=       111.025






     TEMP.          H-H298          Pred/Correct          Sto          Pred/Correct          Cpo          Pred/Correct
     -----          ------          ------------          ---          ------------          ---          ------------

       1100.0      30226.9668             0.9999          115.6626           1.0000           49.7115           0.9986
       1200.0      35293.2070             0.9996          120.0696           0.9999           51.5710           0.9982
       1300.0      40533.2773             0.9995          124.2630           0.9999           53.1936           0.9985
       1400.0      45925.0938             0.9994          128.2581           0.9998           54.6109           0.9991
       1500.0      51449.5469             0.9994          132.0691           0.9998           55.8507           0.9998
       1600.0      57090.1328             0.9995          135.7091           0.9998           56.9375           1.0004
       1700.0      62832.6602             0.9996          139.1902           0.9998           57.8926           1.0009
       1800.0      68664.8672             0.9997          142.5236           0.9999           58.7341           1.0012
       1900.0      74576.2344             0.9998          145.7195           0.9999           59.4780           1.0013
       2000.0      80557.6484             0.9999          148.7874           0.9999           60.1374           1.0012
       2100.0      86601.2891             1.0000          151.7360           0.9999           60.7239           1.0009
       2200.0      92700.3203             1.0001          154.5732           1.0000           61.2470           1.0005
       2300.0      98848.8594             1.0001          157.3062           1.0000           61.7152           1.0001
       2400.0     105041.7578             1.0001          159.9418           1.0000           62.1354           0.9996
       2500.0     111274.5469             1.0000          162.4861           1.0000           62.5137           0.9993
       2600.0     117543.2813             1.0000          164.9447           0.9999           62.8553           0.9991
       2700.0     123844.5313             0.9999          167.3228           0.9999           63.1645           0.9991
       2800.0     130175.2344             0.9999          169.6251           0.9999           63.4451           0.9994
       2900.0     136532.7031             0.9999          171.8560           0.9999           63.7006           1.0001
       3000.0     142914.5938             0.9999          174.0195           0.9999           63.9336           1.0012
     -----------------------------------------------------------------------------------------------------------------




     Least square coefficients
     -------------------------
     A(1)=  0.51738458E+01

     A(2)=  0.28432086E-01

     A(3)= -0.11655086E-04

     A(4)=  0.21254960E-08

     A(5)= -0.13270565E-12

     A6=-0.54470146E+04

     A7=-0.31478119E+01

     Lambdao= 0.12842458E+00

     Lambda1= 0.43053217E-01

     Lambda2= 0.13123286E+00


     -----------------------------------------------------------------------------------------------------------------
     NER= 1
     -----------------------------------------------------------------------------------------------------------------
1
     1100. K to     3000. K
 0.51738458E+01 0.28432086E-01-0.11655086E-04 0.21254960E-08-0.13270565E-12
-0.54470146E+04-0.31478119E+01
                               0.51738458E+01 0.28432086E-01-0.11655086E-04
 0.21254960E-08-0.13270565E-12-0.54470146E+04-0.31478119E+01



 Low temperature


     Input value
     ------------


 No.Points =   15    Gas constant=      1.9871     Enthalpy of formation=    -4.3704



 Cpo at To=        47.580     H-H298 at To=     25359.984     Sto at To=       111.025






     TEMP.          H-H298          Pred/Correct          Sto          Pred/Correct          Cpo          Pred/Correct
     -----          ------          ------------          ---          ------------          ---          ------------

        300.0         37.8560             0.9669           70.7633           0.9999           20.5132           0.9983
        350.0       1132.1970             0.9996           74.1318           1.0000           23.2635           1.0019
        400.0       2363.5720             1.0007           77.4163           1.0000           25.9772           1.0011
        450.0       3727.9072             1.0006           80.6272           1.0000           28.5718           0.9999
        500.0       5218.0522             1.0003           83.7650           1.0000           31.0056           0.9992
        500.0       5218.0522             1.0003           83.7650           1.0000           31.0056           0.9992
        550.0       6825.5825             1.0000           86.8275           1.0000           33.2670           0.9993
        600.0       8541.9609             0.9999           89.8131           1.0000           35.3612           0.9998
        650.0      10359.1279             1.0000           92.7211           1.0000           37.3008           1.0003
        700.0      12269.7051             1.0000           95.5520           1.0000           39.1001           1.0006
        750.0      14267.0186             1.0001           98.3074           1.0000           40.7723           1.0006
        800.0      16345.0166             1.0002          100.9891           1.0000           42.3292           1.0003
        850.0      18498.1855             1.0002          103.5993           1.0000           43.7807           0.9999
        900.0      20721.4648             1.0001          106.1405           1.0000           45.1349           0.9995
        950.0      23010.1777             1.0000          108.6151           1.0000           46.3991           0.9994
     -----------------------------------------------------------------------------------------------------------------




     Least square coefficients
     -------------------------
     A(1)=  0.92100108E+00

     A(2)=  0.31985383E-01

     A(3)=  0.36543358E-05

     A(4)= -0.23161368E-07

     A(5)=  0.10544282E-10

     A6=-0.38876458E+04

     A7= 0.20781492E+02

     Lambdao= 0.15026748E-01

     Lambda1=-0.14534526E-01

     Lambda2=-0.41909730E-02


     -----------------------------------------------------------------------------------------------------------------
     NER= 1
     -----------------------------------------------------------------------------------------------------------------
1
      300. K to      950. K
 0.92100108E+00 0.31985383E-01 0.36543358E-05-0.23161368E-07 0.10544282E-10
-0.38876458E+04 0.20781492E+02
                               0.92100108E+00 0.31985383E-01 0.36543358E-05
-0.23161368E-07 0.10544282E-10-0.38876458E+04 0.20781492E+02
