C9H18O         N        (N for nonlinear, L for linear)
28 159.249          Number of atoms, molecular weight
-64.4608859846				Enthalpy of formation at the standard state!kcal
0.046201 1    Rotational constat (cm-1), symmetry number
1         Statistical weight
0         Number of internal rotor, Br, sigma, dim, vr 
40.6429
61.4763
74.7095
99.1402
154.1124
221.27
224.7639
233.2479
243.1913
261.1769
294.523
344.7464
361.5944
404.7955
413.8574
453.1604
486.654
582.3211
773.0278
807.4898
855.5076
892.1839
922.6147
932.1686
935.1705
945.6629
960.4071
967.0647
971.0265
1037.4249
1083.7294
1103.6356
1143.9682
1154.9799
1172.1944
1185.5116
1191.8619
1208.8141
1268.6729
1273.6352
1305.5973
1319.9117
1344.1079
1369.2057
1372.7583
1400.4809
1402.5095
1405.3662
1421.0878
1423.5375
1470.9874
1490.1297
1491.4997
1493.1975
1494.9944
1497.9462
1507.0156
1507.6724
1512.9523
1517.8447
2999.0291
3012.5172
3013.551
3016.9203
3018.1466
3022.673
3023.089
3051.8893
3065.0516
3072.0484
3077.6825
3079.8898
3083.6282
3084.6152
3089.1141
3090.4235
3097.4171
3101.5258
