 C9H18O           Molecular weight =159.249

 Heat of formation at 298K =  -64.461 (kcal/mol)

 B =   0.046 cm?1     Symmetric number =  1

 Internal rotation
 ===================================================
  No      Br       sigma    dim      Vr(kcal/mol)
 ===================================================


 Vibrational Frequencies (cm^-1)
 -------------------------------
         41.
         61.
         75.
         99.
        154.
        221.
        225.
        233.
        243.
        261.
        295.
        345.
        362.
        405.
        414.
        453.
        487.
        582.
        773.
        807.
        856.
        892.
        923.
        932.
        935.
        946.
        960.
        967.
        971.
       1037.
       1084.
       1104.
       1144.
       1155.
       1172.
       1186.
       1192.
       1209.
       1269.
       1274.
       1306.
       1320.
       1344.
       1369.
       1373.
       1400.
       1403.
       1405.
       1421.
       1424.
       1471.
       1490.
       1491.
       1493.
       1495.
       1498.
       1507.
       1508.
       1513.
       1518.
       2999.
       3013.
       3014.
       3017.
       3018.
       3023.
       3023.
       3052.
       3065.
       3072.
       3078.
       3080.
       3084.
       3085.
       3089.
       3090.
       3097.
       3102.
 -------------------------------


1
   T(K)       Cp(cal/mol/K)   S(cal/mol/K)  [H(T)-H(298K)](kcal/mol)
 -----------------------------------------------------------------
   50.00          0.000          0.000            -8.065
  100.00         22.492         73.061            -6.991
  200.00         35.322         92.777            -4.074
  298.15         48.013        109.181             0.000
  300.00         48.269        109.479             0.089
  350.00         55.284        117.445             2.677
  400.00         62.252        125.284             5.617
  450.00         68.923        133.005             8.898
  500.00         75.166        140.594            12.502
  500.00         75.166        140.594            12.502
  550.00         80.939        148.033            16.406
  600.00         86.252        155.307            20.588
  650.00         91.138        162.406            25.024
  700.00         95.638        169.327            29.695
  750.00         99.789        176.069            34.582
  800.00        103.628        182.633            39.669
  850.00        107.184        189.024            44.940
  900.00        110.481        195.245            50.383
  950.00        113.543        201.301            55.985
 1000.00        116.387        207.198            61.734
 1100.00        121.491        218.537            73.634
 1200.00        125.910        229.302            86.009
 1300.00        129.743        239.535            98.796
 1400.00        133.075        249.275           111.941
 1500.00        135.977        258.557           125.397
 1600.00        138.513        267.416           139.124
 1700.00        140.735        275.881           153.089
 1800.00        142.688        283.982           167.262
 1900.00        144.410        291.744           181.619
 2000.00        145.935        299.190           196.138
 2100.00        147.289        306.344           210.800
 2200.00        148.495        313.224           225.591
 2300.00        149.573        319.849           240.495
 2400.00        150.539        326.236           255.502
 2500.00        151.409        332.399           270.600
 2600.00        152.193        338.353           285.780
 2700.00        152.903        344.110           301.036
 2800.00        153.546        349.683           316.359
 2900.00        154.132        355.081           331.743
 3000.00        154.665        360.316           347.183
 -----------------------------------------------------------------
1
 High temperature

     Input value
     ------------


 No.Points =   20    Gas constant=      1.9871     Enthalpy of formation=   -64.4609



 Cpo at To=       116.387     H-H298 at To=     61733.832     Sto at To=       207.198






     TEMP.          H-H298          Pred/Correct          Sto          Pred/Correct          Cpo          Pred/Correct
     -----          ------          ------------          ---          ------------          ---          ------------

       1100.0      73633.9297             0.9998          218.5366           0.9999          121.4913           0.9983
       1200.0      86009.2891             0.9996          229.3018           0.9999          125.9104           0.9979
       1300.0      98796.4922             0.9994          239.5350           0.9998          129.7434           0.9983
       1400.0     111941.2578             0.9993          249.2748           0.9997          133.0748           0.9990
       1500.0     125397.1563             0.9993          258.5573           0.9997          135.9771           0.9998
       1600.0     139124.4688             0.9994          267.4158           0.9997          138.5127           1.0005
       1700.0     153089.2500             0.9995          275.8812           0.9998          140.7345           1.0011
       1800.0     167262.4219             0.9997          283.9818           0.9998          142.6877           1.0014
       1900.0     181619.1094             0.9998          291.7437           0.9999          144.4104           1.0015
       2000.0     196137.9063             0.9999          299.1905           0.9999          145.9350           1.0014
       2100.0     210800.4063             1.0000          306.3441           0.9999          147.2887           1.0010
       2200.0     225590.7188             1.0001          313.2243           0.9999          148.4948           1.0006
       2300.0     240495.1094             1.0001          319.8494           1.0000          149.5728           1.0001
       2400.0     255501.5781             1.0001          326.2360           1.0000          150.5394           0.9996
       2500.0     270599.7500             1.0000          332.3992           0.9999          151.4088           0.9992
       2600.0     285780.5000             1.0000          338.3531           0.9999          152.1930           0.9989
       2700.0     301035.8438             0.9999          344.1104           0.9999          152.9025           0.9990
       2800.0     316358.8125             0.9999          349.6830           0.9999          153.5461           0.9993
       2900.0     331743.1563             0.9999          355.0815           0.9999          154.1315           1.0001
       3000.0     347183.4063             0.9999          360.3159           0.9999          154.6653           1.0015
     -----------------------------------------------------------------------------------------------------------------




     Least square coefficients
     -------------------------
     A(1)=  0.13909552E+02

     A(2)=  0.67569807E-01

     A(3)= -0.27503560E-04

     A(4)=  0.48754081E-08

     A(5)= -0.28118580E-12

     A6=-0.41061559E+05

     A7=-0.47187439E+02

     Lambdao= 0.37421033E+00

     Lambda1= 0.12525532E+00

     Lambda2= 0.38216352E+00


     -----------------------------------------------------------------------------------------------------------------
     NER= 1
     -----------------------------------------------------------------------------------------------------------------
1
     1100. K to     3000. K
 0.13909552E+02 0.67569807E-01-0.27503560E-04 0.48754081E-08-0.28118580E-12
-0.41061559E+05-0.47187439E+02
                               0.13909552E+02 0.67569807E-01-0.27503560E-04
 0.48754081E-08-0.28118580E-12-0.41061559E+05-0.47187439E+02



 Low temperature


     Input value
     ------------


 No.Points =   15    Gas constant=      1.9871     Enthalpy of formation=   -64.4609



 Cpo at To=       116.387     H-H298 at To=     61733.832     Sto at To=       207.198






     TEMP.          H-H298          Pred/Correct          Sto          Pred/Correct          Cpo          Pred/Correct
     -----          ------          ------------          ---          ------------          ---          ------------

        300.0         89.0609             0.9594          109.4792           0.9998           48.2688           0.9979
        350.0       2677.3938             0.9995          117.4452           0.9999           55.2836           1.0023
        400.0       5616.5879             1.0009          125.2843           1.0001           62.2518           1.0014
        450.0       8897.5547             1.0007          133.0055           1.0001           68.9232           0.9998
        500.0      12501.7158             1.0003          140.5944           1.0000           75.1663           0.9991
        500.0      12501.7158             1.0003          140.5944           1.0000           75.1663           0.9991
        550.0      16406.3223             1.0000          148.0330           1.0000           80.9393           0.9992
        600.0      20587.9668             0.9999          155.3067           1.0000           86.2522           0.9998
        650.0      25024.4180             0.9999          162.4062           1.0000           91.1382           1.0004
        700.0      29695.3438             1.0001          169.3272           1.0000           95.6376           1.0008
        750.0      34582.3945             1.0002          176.0690           1.0000           99.7895           1.0008
        800.0      39669.0742             1.0002          182.6334           1.0001          103.6283           1.0004
        850.0      44940.5000             1.0002          189.0238           1.0001          107.1838           0.9998
        900.0      50383.1563             1.0001          195.2448           1.0000          110.4814           0.9993
        950.0      55984.7070             1.0000          201.3013           1.0000          113.5429           0.9992
     -----------------------------------------------------------------------------------------------------------------




     Least square coefficients
     -------------------------
     A(1)=  0.85389066E+00

     A(2)=  0.76251835E-01

     A(3)=  0.26582949E-04

     A(4)= -0.80244284E-07

     A(5)=  0.35125611E-10

     A6=-0.36177184E+05

     A7= 0.26794113E+02

     Lambdao= 0.46848685E-01

     Lambda1=-0.46187848E-01

     Lambda2=-0.13369847E-01


     -----------------------------------------------------------------------------------------------------------------
     NER= 1
     -----------------------------------------------------------------------------------------------------------------
1
      300. K to      950. K
 0.85389066E+00 0.76251835E-01 0.26582949E-04-0.80244284E-07 0.35125611E-10
-0.36177184E+05 0.26794113E+02
                               0.85389066E+00 0.76251835E-01 0.26582949E-04
-0.80244284E-07 0.35125611E-10-0.36177184E+05 0.26794113E+02
