 C9H19O2          Molecular weight =159.249

 Heat of formation at 298K =  -33.778 (kcal/mol)

 B =   0.029 cm?1     Symmetric number =  1

 Internal rotation
 ===================================================
  No      Br       sigma    dim      Vr(kcal/mol)
 ===================================================


 Vibrational Frequencies (cm^-1)
 -------------------------------
         32.
         36.
         62.
         86.
         98.
        102.
        108.
        142.
        193.
        216.
        228.
        239.
        249.
        260.
        345.
        373.
        399.
        440.
        458.
        507.
        568.
        740.
        777.
        811.
        830.
        843.
        920.
        931.
        945.
        961.
        964.
        987.
       1001.
       1022.
       1042.
       1059.
       1121.
       1138.
       1190.
       1205.
       1224.
       1254.
       1298.
       1300.
       1311.
       1332.
       1345.
       1349.
       1367.
       1372.
       1388.
       1401.
       1404.
       1409.
       1423.
       1460.
       1470.
       1479.
       1483.
       1489.
       1492.
       1498.
       1506.
       1508.
       1514.
       2930.
       2965.
       2984.
       2991.
       2995.
       3006.
       3014.
       3019.
       3023.
       3027.
       3036.
       3070.
       3072.
       3077.
       3079.
       3079.
       3083.
       3092.
       3770.
 -------------------------------


1
   T(K)       Cp(cal/mol/K)   S(cal/mol/K)  [H(T)-H(298K)](kcal/mol)
 -----------------------------------------------------------------
   50.00          0.000          0.000            -9.660
  100.00         28.214         81.059            -8.236
  200.00         41.579        104.922            -4.718
  298.15         54.895        123.939             0.000
  300.00         55.163        124.279             0.102
  350.00         62.502        133.332             3.043
  400.00         69.776        142.156             6.351
  450.00         76.730        150.779            10.015
  500.00         83.231        159.205            14.016
  500.00         83.231        159.205            14.016
  550.00         89.239        167.423            18.330
  600.00         94.766        175.428            22.932
  650.00         99.847        183.217            27.799
  700.00        104.525        190.790            32.910
  750.00        108.841        198.151            38.246
  800.00        112.832        205.304            43.789
  850.00        116.528        212.257            49.524
  900.00        119.958        219.016            55.437
  950.00        123.142        225.588            61.516
 1000.00        126.101        231.980            67.748
 1100.00        131.414        244.254            80.630
 1200.00        136.018        255.891            94.007
 1300.00        140.015        266.940           107.813
 1400.00        143.493        277.446           121.993
 1500.00        146.525        287.452           136.497
 1600.00        149.176        296.995           151.285
 1700.00        151.501        306.110           166.321
 1800.00        153.547        314.829           181.576
 1900.00        155.352        323.180           197.023
 2000.00        156.951        331.190           212.639
 2100.00        158.371        338.883           228.407
 2200.00        159.638        346.280           244.308
 2300.00        160.770        353.401           260.330
 2400.00        161.786        360.266           276.459
 2500.00        162.700        366.889           292.684
 2600.00        163.525        373.286           308.996
 2700.00        164.272        379.472           325.386
 2800.00        164.949        385.459           341.848
 2900.00        165.565        391.258           358.374
 3000.00        166.128        396.881           374.959
 -----------------------------------------------------------------
1
 High temperature

     Input value
     ------------


 No.Points =   20    Gas constant=      1.9871     Enthalpy of formation=   -33.7778



 Cpo at To=       126.101     H-H298 at To=     67747.617     Sto at To=       231.980






     TEMP.          H-H298          Pred/Correct          Sto          Pred/Correct          Cpo          Pred/Correct
     -----          ------          ------------          ---          ------------          ---          ------------

       1100.0      80629.7891             0.9998          244.2543           0.9999          131.4145           0.9980
       1200.0      94006.8906             0.9995          255.8910           0.9998          136.0185           0.9975
       1300.0     107813.2656             0.9993          266.9398           0.9997          140.0155           0.9979
       1400.0     121992.6719             0.9992          277.4463           0.9997          143.4926           0.9987
       1500.0     136496.9531             0.9992          287.4520           0.9997          146.5247           0.9996
       1600.0     151284.9219             0.9992          296.9950           0.9997          149.1759           1.0005
       1700.0     166321.2656             0.9994          306.1100           0.9997          151.5010           1.0012
       1800.0     181575.7969             0.9996          314.8287           0.9998          153.5465           1.0017
       1900.0     197022.5781             0.9997          323.1799           0.9998          155.3520           1.0018
       2000.0     212639.3281             0.9999          331.1899           0.9999          156.9508           1.0017
       2100.0     228406.8125             1.0000          338.8826           0.9999          158.3714           1.0014
       2200.0     244308.4688             1.0001          346.2798           0.9999          159.6377           1.0008
       2300.0     260329.8906             1.0001          353.4015           0.9999          160.7702           1.0002
       2400.0     276458.6250             1.0001          360.2657           0.9999          161.7860           0.9996
       2500.0     292683.7188             1.0000          366.8889           0.9999          162.7001           0.9990
       2600.0     308995.6563             1.0000          373.2865           0.9999          163.5250           0.9987
       2700.0     325386.0938             0.9999          379.4722           0.9999          164.2716           0.9987
       2800.0     341847.6875             0.9999          385.4588           0.9999          164.9490           0.9991
       2900.0     358373.8750             0.9998          391.2580           0.9999          165.5654           1.0001
       3000.0     374958.9688             0.9999          396.8806           0.9999          166.1276           1.0019
     -----------------------------------------------------------------------------------------------------------------




     Least square coefficients
     -------------------------
     A(1)=  0.19505411E+02

     A(2)=  0.64247936E-01

     A(3)= -0.23498569E-04

     A(4)=  0.32684844E-08

     A(5)= -0.64859068E-13

     A6=-0.27505949E+05

     A7=-0.71570328E+02

     Lambdao= 0.49807978E+00

     Lambda1= 0.16541842E+00

     Lambda2= 0.50419682E+00


     -----------------------------------------------------------------------------------------------------------------
     NER= 1
     -----------------------------------------------------------------------------------------------------------------
1
     1100. K to     3000. K
 0.19505411E+02 0.64247936E-01-0.23498569E-04 0.32684844E-08-0.64859068E-13
-0.27505949E+05-0.71570328E+02
                               0.19505411E+02 0.64247936E-01-0.23498569E-04
 0.32684844E-08-0.64859068E-13-0.27505949E+05-0.71570328E+02



 Low temperature


     Input value
     ------------


 No.Points =   15    Gas constant=      1.9871     Enthalpy of formation=   -33.7778



 Cpo at To=       126.101     H-H298 at To=     67747.617     Sto at To=       231.980






     TEMP.          H-H298          Pred/Correct          Sto          Pred/Correct          Cpo          Pred/Correct
     -----          ------          ------------          ---          ------------          ---          ------------

        300.0        101.8039             0.9607          124.2791           0.9999           55.1630           0.9980
        350.0       3043.0054             0.9995          133.3323           0.9999           62.5019           1.0021
        400.0       6350.8540             1.0007          142.1555           1.0000           69.7761           1.0014
        450.0      10015.2061             1.0007          150.7794           1.0001           76.7302           0.9999
        500.0      14016.2734             1.0003          159.2045           1.0000           83.2315           0.9991
        500.0      14016.2734             1.0003          159.2045           1.0000           83.2315           0.9991
        550.0      18330.1016             1.0000          167.4230           1.0000           89.2393           0.9992
        600.0      22932.1680             0.9999          175.4281           1.0000           94.7657           0.9997
        650.0      27799.2441             0.9999          183.2169           1.0000           99.8466           1.0003
        700.0      32910.1172             1.0000          190.7899           1.0000          104.5247           1.0007
        750.0      38245.6875             1.0001          198.1505           1.0000          108.8409           1.0007
        800.0      43788.7891             1.0002          205.3040           1.0000          112.8318           1.0004
        850.0      49523.9609             1.0002          212.2567           1.0000          116.5284           0.9999
        900.0      55437.1758             1.0001          219.0156           1.0000          119.9575           0.9994
        950.0      61515.6367             1.0000          225.5877           1.0000          123.1419           0.9993
     -----------------------------------------------------------------------------------------------------------------




     Least square coefficients
     -------------------------
     A(1)=  0.28295209E+01

     A(2)=  0.82887270E-01

     A(3)=  0.19878238E-04

     A(4)= -0.76165584E-07

     A(5)=  0.34028957E-10

     A6=-0.21568906E+05

     A7= 0.21249470E+02

     Lambdao= 0.43575585E-01

     Lambda1=-0.41517153E-01

     Lambda2=-0.12283895E-01


     -----------------------------------------------------------------------------------------------------------------
     NER= 1
     -----------------------------------------------------------------------------------------------------------------
1
      300. K to      950. K
 0.28295209E+01 0.82887270E-01 0.19878238E-04-0.76165584E-07 0.34028957E-10
-0.21568906E+05 0.21249470E+02
                               0.28295209E+01 0.82887270E-01 0.19878238E-04
-0.76165584E-07 0.34028957E-10-0.21568906E+05 0.21249470E+02
