 C9H19O2          Molecular weight =159.249

 Heat of formation at 298K =  -36.186 (kcal/mol)

 B =   0.032 cm?1     Symmetric number =  1

 Internal rotation
 ===================================================
  No      Br       sigma    dim      Vr(kcal/mol)
 ===================================================


 Vibrational Frequencies (cm^-1)
 -------------------------------
         31.
         48.
         68.
         89.
         97.
        130.
        174.
        196.
        209.
        228.
        241.
        250.
        264.
        281.
        341.
        351.
        371.
        391.
        433.
        459.
        526.
        540.
        552.
        749.
        761.
        828.
        840.
        873.
        915.
        921.
        929.
        940.
        948.
        997.
       1015.
       1045.
       1057.
       1074.
       1113.
       1138.
       1195.
       1203.
       1232.
       1265.
       1281.
       1311.
       1332.
       1346.
       1356.
       1359.
       1376.
       1395.
       1397.
       1407.
       1416.
       1462.
       1474.
       1484.
       1488.
       1493.
       1497.
       1498.
       1503.
       1510.
       1518.
       2993.
       3004.
       3016.
       3018.
       3028.
       3029.
       3033.
       3043.
       3057.
       3077.
       3080.
       3092.
       3097.
       3108.
       3113.
       3122.
       3125.
       3231.
       3780.
 -------------------------------


1
   T(K)       Cp(cal/mol/K)   S(cal/mol/K)  [H(T)-H(298K)](kcal/mol)
 -----------------------------------------------------------------
   50.00          0.000          0.000            -9.734
  100.00         27.132         78.403            -8.428
  200.00         42.798        102.291            -4.892
  298.15         57.027        122.003             0.000
  300.00         57.302        122.356             0.106
  350.00         64.742        131.749             3.157
  400.00         71.984        140.871             6.577
  450.00         78.827        149.749            10.349
  500.00         85.175        158.387            14.451
  500.00         85.175        158.387            14.451
  550.00         91.010        166.783            18.858
  600.00         96.359        174.934            23.544
  650.00        101.266        182.844            28.486
  700.00        105.780        190.516            33.664
  750.00        109.945        197.958            39.058
  800.00        113.798        205.178            44.653
  850.00        117.371        212.186            50.434
  900.00        120.689        218.989            56.386
  950.00        123.776        225.598            62.499
 1000.00        126.649        232.021            68.760
 1100.00        131.820        244.340            81.690
 1200.00        136.317        256.008            95.102
 1300.00        140.232        267.077           108.934
 1400.00        143.647        277.597           123.131
 1500.00        146.633        287.612           137.649
 1600.00        149.249        297.161           152.446
 1700.00        151.548        306.279           167.488
 1800.00        153.574        315.000           182.746
 1900.00        155.364        323.352           198.195
 2000.00        156.952        331.363           213.812
 2100.00        158.364        339.055           229.580
 2200.00        159.624        346.452           245.480
 2300.00        160.752        353.573           261.500
 2400.00        161.764        360.436           277.627
 2500.00        162.676        367.059           293.849
 2600.00        163.499        373.455           310.159
 2700.00        164.245        379.640           326.547
 2800.00        164.922        385.626           343.006
 2900.00        165.538        391.424           359.529
 3000.00        166.100        397.045           376.111
 -----------------------------------------------------------------
1
 High temperature

     Input value
     ------------


 No.Points =   20    Gas constant=      1.9871     Enthalpy of formation=   -36.1856



 Cpo at To=       126.649     H-H298 at To=     68760.148     Sto at To=       232.021






     TEMP.          H-H298          Pred/Correct          Sto          Pred/Correct          Cpo          Pred/Correct
     -----          ------          ------------          ---          ------------          ---          ------------

       1100.0      81689.6797             0.9999          244.3405           1.0000          131.8204           0.9987
       1200.0      95101.7344             0.9997          256.0077           0.9999          136.3166           0.9984
       1300.0     108933.6484             0.9995          267.0770           0.9998          140.2319           0.9986
       1400.0     123131.4766             0.9995          277.5972           0.9998          143.6475           0.9992
       1500.0     137648.8281             0.9995          287.6119           0.9998          146.6331           0.9998
       1600.0     152445.7969             0.9995          297.1608           0.9998          149.2494           1.0004
       1700.0     167488.1250             0.9996          306.2794           0.9998          151.5481           1.0008
       1800.0     182746.3281             0.9997          315.0002           0.9999          153.5738           1.0011
       1900.0     198195.0313             0.9998          323.3525           0.9999          155.3643           1.0011
       2000.0     213812.4219             0.9999          331.3628           0.9999          156.9519           1.0010
       2100.0     229579.5781             1.0000          339.0553           0.9999          158.3640           1.0008
       2200.0     245480.1563             1.0000          346.4521           1.0000          159.6240           1.0004
       2300.0     261499.9844             1.0001          353.5730           1.0000          160.7519           1.0001
       2400.0     277626.6875             1.0000          360.4363           1.0000          161.7644           0.9997
       2500.0     293849.5000             1.0000          367.0586           1.0000          162.6761           0.9994
       2600.0     310158.9688             1.0000          373.4552           0.9999          163.4993           0.9992
       2700.0     326546.7813             0.9999          379.6399           0.9999          164.2448           0.9992
       2800.0     343005.6250             0.9999          385.6255           0.9999          164.9216           0.9995
       2900.0     359529.0625             0.9999          391.4238           0.9999          165.5377           1.0001
       3000.0     376111.3750             0.9999          397.0454           0.9999          166.0999           1.0011
     -----------------------------------------------------------------------------------------------------------------




     Least square coefficients
     -------------------------
     A(1)=  0.17729588E+02

     A(2)=  0.70220634E-01

     A(3)= -0.29399331E-04

     A(4)=  0.55546239E-08

     A(5)= -0.37154538E-12

     A6=-0.27961875E+05

     A7=-0.62990395E+02

     Lambdao= 0.31649941E+00

     Lambda1= 0.10590881E+00

     Lambda2= 0.32270846E+00


     -----------------------------------------------------------------------------------------------------------------
     NER= 1
     -----------------------------------------------------------------------------------------------------------------
1
     1100. K to     3000. K
 0.17729588E+02 0.70220634E-01-0.29399331E-04 0.55546239E-08-0.37154538E-12
-0.27961875E+05-0.62990395E+02
                               0.17729588E+02 0.70220634E-01-0.29399331E-04
 0.55546239E-08-0.37154538E-12-0.27961875E+05-0.62990395E+02



 Low temperature


     Input value
     ------------


 No.Points =   15    Gas constant=      1.9871     Enthalpy of formation=   -36.1856



 Cpo at To=       126.649     H-H298 at To=     68760.148     Sto at To=       232.021






     TEMP.          H-H298          Pred/Correct          Sto          Pred/Correct          Cpo          Pred/Correct
     -----          ------          ------------          ---          ------------          ---          ------------

        300.0        105.7551             0.9684          122.3564           0.9999           57.3023           0.9983
        350.0       3157.1470             0.9996          131.7492           0.9999           64.7423           1.0018
        400.0       6576.6372             1.0006          140.8706           1.0000           71.9842           1.0011
        450.0      10348.8584             1.0006          149.7488           1.0001           78.8272           0.9999
        500.0      14451.0547             1.0003          158.3871           1.0000           85.1748           0.9993
        500.0      14451.0547             1.0003          158.3871           1.0000           85.1748           0.9993
        550.0      18857.7695             1.0000          166.7828           1.0000           91.0097           0.9993
        600.0      23543.9141             0.9999          174.9343           1.0000           96.3586           0.9998
        650.0      28486.2715             1.0000          182.8437           1.0000          101.2662           1.0003
        700.0      33663.9766             1.0000          190.5158           1.0000          105.7804           1.0006
        750.0      39058.4883             1.0001          197.9578           1.0000          109.9451           1.0006
        800.0      44653.2969             1.0002          205.1781           1.0000          113.7980           1.0003
        850.0      50433.6250             1.0002          212.1856           1.0000          117.3707           0.9999
        900.0      56386.1289             1.0001          218.9894           1.0000          120.6892           0.9995
        950.0      62498.6758             1.0000          225.5984           1.0000          123.7757           0.9994
     -----------------------------------------------------------------------------------------------------------------




     Least square coefficients
     -------------------------
     A(1)=  0.17899771E+01

     A(2)=  0.98249316E-01

     A(3)= -0.16821523E-04

     A(4)= -0.42559805E-07

     A(5)=  0.23075996E-10

     A6=-0.22890109E+05

     A7= 0.22975136E+02

     Lambdao= 0.39670937E-01

     Lambda1=-0.38096488E-01

     Lambda2=-0.11064349E-01


     -----------------------------------------------------------------------------------------------------------------
     NER= 1
     -----------------------------------------------------------------------------------------------------------------
1
      300. K to      950. K
 0.17899771E+01 0.98249316E-01-0.16821523E-04-0.42559805E-07 0.23075996E-10
-0.22890109E+05 0.22975136E+02
                               0.17899771E+01 0.98249316E-01-0.16821523E-04
-0.42559805E-07 0.23075996E-10-0.22890109E+05 0.22975136E+02
