C9H19O2         N        (N for nonlinear, L for linear)
30 159.249          Number of atoms, molecular weight
-40.8461159095				Enthalpy of formation at the standard state!kcal
0.0310548888889 1    Rotational constat (cm-1), symmetry number
1         Statistical weight
0         Number of internal rotor, Br, sigma, dim, vr 
22.4674
36.2613
65.225
83.9673
99.2465
111.249
119.1602
169.8881
190.0467
196.5044
227.8382
250.8815
260.6214
271.9434
331.1209
345.4676
368.1858
388.6204
391.5603
470.2267
525.6603
542.399
740.6724
750.6176
799.313
830.0473
871.5909
919.9606
928.611
941.3003
942.7418
976.0752
982.821
1005.9987
1020.5662
1032.6244
1052.8241
1061.4989
1116.4047
1192.0795
1222.7568
1256.8587
1269.425
1287.114
1297.9878
1339.9055
1341.1767
1356.4877
1363.4765
1392.3432
1394.8696
1398.5539
1414.6964
1416.3593
1471.9533
1472.6043
1475.408
1479.859
1485.723
1489.5399
1493.8103
1495.5889
1497.1943
1507.1717
1517.5846
2916.0323
2924.1817
2957.997
3016.4034
3021.6357
3024.0595
3027.0006
3031.6328
3032.7329
3042.9692
3060.6454
3070.0119
3077.5617
3084.8309
3096.3862
3108.2045
3113.2996
3123.0322
3780.8931
