 C6H12O           Molecular weight =100.161

 Heat of formation at 298K =  -62.124 (kcal/mol)

 B =   0.093 cm?1     Symmetric number =  1

 Internal rotation
 ===================================================
  No      Br       sigma    dim      Vr(kcal/mol)
 ===================================================


 Vibrational Frequencies (cm^-1)
 -------------------------------
         54.
         62.
        109.
        178.
        228.
        249.
        297.
        369.
        424.
        431.
        533.
        768.
        809.
        868.
        930.
        935.
        966.
       1012.
       1020.
       1055.
       1146.
       1168.
       1190.
       1229.
       1272.
       1319.
       1345.
       1373.
       1385.
       1405.
       1421.
       1424.
       1467.
       1488.
       1493.
       1500.
       1507.
       1514.
       1816.
       2841.
       2993.
       3004.
       3015.
       3017.
       3021.
       3043.
       3076.
       3082.
       3087.
       3088.
       3093.
 -------------------------------


1
   T(K)       Cp(cal/mol/K)   S(cal/mol/K)  [H(T)-H(298K)](kcal/mol)
 -----------------------------------------------------------------
   50.00          0.000          0.000            -5.815
  100.00         17.312         65.675            -4.969
  200.00         25.043         80.134            -2.839
  298.15         33.051         91.579             0.000
  300.00         33.214         91.784             0.061
  350.00         37.707         97.240             1.834
  400.00         42.203        102.569             3.832
  450.00         46.539        107.793             6.051
  500.00         50.623        112.910             8.482
  500.00         50.623        112.910             8.482
  550.00         54.424        117.915            11.109
  600.00         57.940        122.803            13.919
  650.00         61.188        127.571            16.899
  700.00         64.190        132.217            20.034
  750.00         66.968        136.742            23.314
  800.00         69.542        141.147            26.727
  850.00         71.930        145.435            30.265
  900.00         74.146        149.610            33.918
  950.00         76.205        153.675            37.677
 1000.00         78.119        157.633            41.536
 1100.00         81.553        165.244            49.523
 1200.00         84.524        172.470            57.831
 1300.00         87.100        179.340            66.415
 1400.00         89.337        185.878            75.240
 1500.00         91.285        192.110            84.273
 1600.00         92.985        198.057            93.488
 1700.00         94.473        203.740           102.863
 1800.00         95.781        209.177           112.377
 1900.00         96.934        214.388           122.014
 2000.00         97.953        219.386           131.759
 2100.00         98.858        224.188           141.601
 2200.00         99.664        228.805           151.528
 2300.00        100.384        233.252           161.531
 2400.00        101.029        237.538           171.602
 2500.00        101.609        241.674           181.734
 2600.00        102.133        245.670           191.922
 2700.00        102.606        249.533           202.159
 2800.00        103.035        253.273           212.442
 2900.00        103.426        256.895           222.765
 3000.00        103.781        260.408           233.126
 -----------------------------------------------------------------
1
 High temperature

     Input value
     ------------


 No.Points =   20    Gas constant=      1.9871     Enthalpy of formation=   -62.1238



 Cpo at To=        78.119     H-H298 at To=     41535.723     Sto at To=       157.633






     TEMP.          H-H298          Pred/Correct          Sto          Pred/Correct          Cpo          Pred/Correct
     -----          ------          ------------          ---          ------------          ---          ------------

       1100.0      49523.4648             0.9998          165.2436           0.9999           81.5527           0.9981
       1200.0      57830.8828             0.9995          172.4701           0.9999           84.5245           0.9976
       1300.0      66415.1719             0.9993          179.3398           0.9998           87.1003           0.9980
       1400.0      75239.6641             0.9992          185.8785           0.9997           89.3373           0.9988
       1500.0      84272.9922             0.9992          192.1100           0.9997           91.2847           0.9997
       1600.0      93488.3594             0.9993          198.0569           0.9997           92.9846           1.0005
       1700.0     102862.8750             0.9994          203.7397           0.9998           94.4732           1.0012
       1800.0     112376.9688             0.9996          209.1775           0.9998           95.7809           1.0016
       1900.0     122013.8828             0.9997          214.3876           0.9998           96.9336           1.0017
       2000.0     131759.2500             0.9999          219.3861           0.9999           97.9531           1.0016
       2100.0     141600.7031             1.0000          224.1876           0.9999           98.8580           1.0012
       2200.0     151527.5625             1.0001          228.8054           0.9999           99.6639           1.0007
       2300.0     161530.6094             1.0001          233.2518           0.9999          100.3839           1.0002
       2400.0     171601.8438             1.0001          237.5380           0.9999          101.0292           0.9996
       2500.0     181734.2969             1.0000          241.6742           0.9999          101.6095           0.9991
       2600.0     191921.8438             1.0000          245.6698           0.9999          102.1328           0.9988
       2700.0     202159.1719             0.9999          249.5333           0.9999          102.6061           0.9988
       2800.0     212441.5938             0.9999          253.2727           0.9999          103.0353           0.9992
       2900.0     222764.9375             0.9999          256.8953           0.9999          103.4256           1.0001
       3000.0     233125.5469             0.9999          260.4077           0.9999          103.7815           1.0017
     -----------------------------------------------------------------------------------------------------------------




     Least square coefficients
     -------------------------
     A(1)=  0.99857407E+01

     A(2)=  0.43741260E-01

     A(3)= -0.17048869E-04

     A(4)=  0.27557097E-08

     A(5)= -0.12171942E-12

     A6=-0.37198582E+05

     A7=-0.25757782E+02

     Lambdao= 0.29734138E+00

     Lambda1= 0.98129086E-01

     Lambda2= 0.29941279E+00


     -----------------------------------------------------------------------------------------------------------------
     NER= 1
     -----------------------------------------------------------------------------------------------------------------
1
     1100. K to     3000. K
 0.99857407E+01 0.43741260E-01-0.17048869E-04 0.27557097E-08-0.12171942E-12
-0.37198582E+05-0.25757782E+02
                               0.99857407E+01 0.43741260E-01-0.17048869E-04
 0.27557097E-08-0.12171942E-12-0.37198582E+05-0.25757782E+02



 Low temperature


     Input value
     ------------


 No.Points =   15    Gas constant=      1.9871     Enthalpy of formation=   -62.1238



 Cpo at To=        78.119     H-H298 at To=     41535.723     Sto at To=       157.633






     TEMP.          H-H298          Pred/Correct          Sto          Pred/Correct          Cpo          Pred/Correct
     -----          ------          ------------          ---          ------------          ---          ------------

        300.0         61.2957             0.9581           91.7837           0.9999           33.2143           0.9978
        350.0       1833.8751             0.9993           97.2397           0.9999           37.7069           1.0022
        400.0       3832.0176             1.0007          102.5693           1.0000           42.2033           1.0015
        450.0       6051.4844             1.0007          107.7926           1.0001           46.5389           0.9999
        500.0       8481.6934             1.0003          112.9097           1.0000           50.6235           0.9992
        500.0       8481.6934             1.0003          112.9097           1.0000           50.6235           0.9992
        550.0      11109.0732             1.0001          117.9152           1.0000           54.4236           0.9992
        600.0      13919.3145             0.9999          122.8034           1.0000           57.9397           0.9997
        650.0      16898.5801             0.9999          127.5711           1.0000           61.1880           1.0003
        700.0      20034.0176             1.0000          132.2169           1.0000           64.1903           1.0007
        750.0      23313.8750             1.0001          136.7415           1.0000           66.9684           1.0007
        800.0      26727.4551             1.0002          141.1468           1.0000           69.5424           1.0004
        850.0      30265.0078             1.0002          145.4353           1.0000           71.9299           0.9999
        900.0      33917.5977             1.0001          149.6102           1.0000           74.1464           0.9994
        950.0      37677.0273             1.0000          153.6750           1.0000           76.2055           0.9993
     -----------------------------------------------------------------------------------------------------------------




     Least square coefficients
     -------------------------
     A(1)=  0.21664927E+01

     A(2)=  0.45408342E-01

     A(3)=  0.24742598E-04

     A(4)= -0.56634512E-07

     A(5)=  0.23629196E-10

     A6=-0.34045992E+05

     A7= 0.19551855E+02

     Lambdao= 0.25420733E-01

     Lambda1=-0.23608901E-01

     Lambda2=-0.72709154E-02


     -----------------------------------------------------------------------------------------------------------------
     NER= 1
     -----------------------------------------------------------------------------------------------------------------
1
      300. K to      950. K
 0.21664927E+01 0.45408342E-01 0.24742598E-04-0.56634512E-07 0.23629196E-10
-0.34045992E+05 0.19551855E+02
                               0.21664927E+01 0.45408342E-01 0.24742598E-04
-0.56634512E-07 0.23629196E-10-0.34045992E+05 0.19551855E+02
