C9H19O2         N        (N for nonlinear, L for linear)
30 159.249          Number of atoms, molecular weight
-53.5356231296				Enthalpy of formation at the standard state!kcal
0.0319548888889 1    Rotational constat (cm-1), symmetry number
1         Statistical weight
0         Number of internal rotor, Br, sigma, dim, vr 
25.3948
47.039
89.6742
99.4116
126.1111
151.7409
194.553
214.3287
226.068
233.5882
246.0707
257.6872
289.3814
334.4276
362.2576
387.9488
391.2436
437.0895
469.0536
533.9121
542.2402
730.9302
746.7378
789.6082
838.6875
847.0921
928.7407
935.835
946.4529
949.6422
964.8205
999.7558
1024.0764
1047.6831
1058.3578
1096.0518
1136.9799
1170.228
1190.3913
1205.8899
1211.2194
1235.4789
1270.6889
1291.3394
1319.8636
1339.2361
1353.2036
1372.3225
1384.9498
1399.4502
1401.5659
1404.659
1421.7103
1423.6484
1472.6591
1482.7635
1485.4333
1491.4909
1492.7051
1496.1286
1498.4888
1507.214
1509.6376
1514.8277
1515.8574
2985.2149
2995.072
3013.1482
3018.9909
3020.3682
3025.9978
3031.0238
3039.5162
3044.8985
3058.3469
3072.3455
3078.492
3079.7883
3084.9588
3093.201
3104.9407
3111.5678
3121.7115
3124.7259
