 C9H18            Molecular weight =126.242

 Heat of formation at 298K =  -31.280 (kcal/mol)

 B =   0.056 cm?1     Symmetric number =  1

 Internal rotation
 ===================================================
  No      Br       sigma    dim      Vr(kcal/mol)
 ===================================================


 Vibrational Frequencies (cm^-1)
 -------------------------------
         40.
         59.
         96.
        116.
        138.
        182.
        226.
        239.
        248.
        265.
        377.
        396.
        438.
        443.
        467.
        528.
        689.
        754.
        805.
        850.
        864.
        919.
        932.
        950.
        964.
        967.
       1006.
       1012.
       1053.
       1060.
       1067.
       1145.
       1150.
       1192.
       1226.
       1240.
       1287.
       1309.
       1334.
       1344.
       1372.
       1387.
       1402.
       1407.
       1414.
       1424.
       1447.
       1473.
       1482.
       1483.
       1492.
       1497.
       1499.
       1507.
       1509.
       1515.
       1714.
       2982.
       2985.
       2993.
       2999.
       3010.
       3013.
       3017.
       3019.
       3023.
       3052.
       3063.
       3072.
       3079.
       3084.
       3095.
       3103.
       3137.
       3216.
 -------------------------------


1
   T(K)       Cp(cal/mol/K)   S(cal/mol/K)  [H(T)-H(298K)](kcal/mol)
 -----------------------------------------------------------------
   50.00          0.000          0.000            -7.634
  100.00         21.699         71.273            -6.589
  200.00         33.169         89.935            -3.831
  298.15         45.228        105.360             0.000
  300.00         45.472        105.641             0.084
  350.00         52.154        113.151             2.524
  400.00         58.791        120.550             5.298
  450.00         65.154        127.846             8.399
  500.00         71.121        135.023            11.807
  500.00         71.121        135.023            11.807
  550.00         76.653        142.064            15.503
  600.00         81.760        148.956            19.465
  650.00         86.471        155.689            23.673
  700.00         90.822        162.258            28.107
  750.00         94.848        168.663            32.750
  800.00         98.580        174.905            37.586
  850.00        102.043        180.987            42.603
  900.00        105.262        186.912            47.787
  950.00        108.255        192.684            53.126
 1000.00        111.040        198.309            58.609
 1100.00        116.046        209.132            69.969
 1200.00        120.389        219.420            81.796
 1300.00        124.162        229.209            94.028
 1400.00        127.444        238.533           106.612
 1500.00        130.306        247.426           119.503
 1600.00        132.808        255.917           132.661
 1700.00        135.002        264.036           146.054
 1800.00        136.932        271.808           159.653
 1900.00        138.634        279.259           173.433
 2000.00        140.142        286.409           187.373
 2100.00        141.480        293.279           201.456
 2200.00        142.673        299.889           215.664
 2300.00        143.740        306.255           229.986
 2400.00        144.696        312.393           244.409
 2500.00        145.557        318.318           258.922
 2600.00        146.333        324.042           273.517
 2700.00        147.035        329.578           288.186
 2800.00        147.672        334.937           302.922
 2900.00        148.252        340.129           317.719
 3000.00        148.780        345.164           332.571
 -----------------------------------------------------------------
1
 High temperature

     Input value
     ------------


 No.Points =   20    Gas constant=      1.9871     Enthalpy of formation=   -31.2804



 Cpo at To=       111.040     H-H298 at To=     58608.730     Sto at To=       198.309






     TEMP.          H-H298          Pred/Correct          Sto          Pred/Correct          Cpo          Pred/Correct
     -----          ------          ------------          ---          ------------          ---          ------------

       1100.0      69969.0078             0.9998          209.1324           0.9999          116.0463           0.9983
       1200.0      81795.8984             0.9996          219.4203           0.9999          120.3892           0.9979
       1300.0      94027.8359             0.9994          229.2091           0.9998          124.1615           0.9982
       1400.0     106611.8828             0.9993          238.5334           0.9997          127.4439           0.9989
       1500.0     119502.6172             0.9993          247.4259           0.9997          130.3062           0.9997
       1600.0     132661.1250             0.9994          255.9174           0.9997          132.8085           1.0005
       1700.0     146054.0469             0.9995          264.0361           0.9998          135.0024           1.0010
       1800.0     159652.7969             0.9996          271.8084           0.9998          136.9319           1.0014
       1900.0     173432.8906             0.9998          279.2585           0.9998          138.6344           1.0015
       2000.0     187373.1875             0.9999          286.4086           0.9999          140.1416           1.0014
       2100.0     201455.5781             1.0000          293.2792           0.9999          141.4803           1.0011
       2200.0     215664.3906             1.0001          299.8889           0.9999          142.6732           1.0006
       2300.0     229986.0156             1.0001          306.2549           0.9999          143.7397           1.0001
       2400.0     244408.6719             1.0001          312.3930           0.9999          144.6962           0.9996
       2500.0     258922.0625             1.0000          318.3176           0.9999          145.5565           0.9992
       2600.0     273517.1875             1.0000          324.0418           0.9999          146.3328           0.9990
       2700.0     288186.1563             0.9999          329.5778           0.9999          147.0351           0.9990
       2800.0     302922.0313             0.9999          334.9368           0.9999          147.6723           0.9993
       2900.0     317718.6875             0.9999          340.1291           0.9999          148.2519           1.0001
       3000.0     332570.6875             0.9999          345.1641           0.9999          148.7804           1.0014
     -----------------------------------------------------------------------------------------------------------------




     Least square coefficients
     -------------------------
     A(1)=  0.12147905E+02

     A(2)=  0.66069186E-01

     A(3)= -0.26806474E-04

     A(4)=  0.47419020E-08

     A(5)= -0.27345801E-12

     A6=-0.23625246E+05

     A7=-0.38297440E+02

     Lambdao= 0.36832723E+00

     Lambda1= 0.12222548E+00

     Lambda2= 0.37307924E+00


     -----------------------------------------------------------------------------------------------------------------
     NER= 1
     -----------------------------------------------------------------------------------------------------------------
1
     1100. K to     3000. K
 0.12147905E+02 0.66069186E-01-0.26806474E-04 0.47419020E-08-0.27345801E-12
-0.23625246E+05-0.38297440E+02
                               0.12147905E+02 0.66069186E-01-0.26806474E-04
 0.47419020E-08-0.27345801E-12-0.23625246E+05-0.38297440E+02



 Low temperature


     Input value
     ------------


 No.Points =   15    Gas constant=      1.9871     Enthalpy of formation=   -31.2804



 Cpo at To=       111.040     H-H298 at To=     58608.730     Sto at To=       198.309






     TEMP.          H-H298          Pred/Correct          Sto          Pred/Correct          Cpo          Pred/Correct
     -----          ------          ------------          ---          ------------          ---          ------------

        300.0         83.8979             0.9514          105.6407           0.9998           45.4720           0.9977
        350.0       2524.1045             0.9992          113.1507           0.9999           52.1538           1.0024
        400.0       5298.4863             1.0007          120.5502           1.0000           58.7913           1.0016
        450.0       8398.5859             1.0007          127.8456           1.0001           65.1537           1.0000
        500.0      11807.2207             1.0004          135.0228           1.0001           71.1206           0.9991
        500.0      11807.2207             1.0004          135.0228           1.0001           71.1206           0.9991
        550.0      15503.3828             1.0001          142.0642           1.0000           76.6532           0.9991
        600.0      19465.4395             0.9999          148.9559           1.0000           81.7602           0.9996
        650.0      23672.8008             0.9999          155.6888           1.0000           86.4712           1.0002
        700.0      28106.5605             1.0000          162.2583           1.0000           90.8222           1.0006
        750.0      32749.6074             1.0001          168.6634           1.0000           94.8480           1.0007
        800.0      37586.4609             1.0002          174.9054           1.0000           98.5795           1.0004
        850.0      42603.0977             1.0002          180.9870           1.0000          102.0432           0.9999
        900.0      47786.6992             1.0001          186.9118           1.0000          105.2618           0.9995
        950.0      53125.5234             1.0000          192.6842           1.0000          108.2550           0.9994
     -----------------------------------------------------------------------------------------------------------------




     Least square coefficients
     -------------------------
     A(1)=  0.22156620E+00

     A(2)=  0.75406030E-01

     A(3)=  0.16969565E-04

     A(4)= -0.65808777E-07

     A(5)=  0.29090674E-10

     A6=-0.19194488E+05

     A7= 0.29037790E+02

     Lambdao= 0.32075509E-01

     Lambda1=-0.28584063E-01

     Lambda2=-0.87555535E-02


     -----------------------------------------------------------------------------------------------------------------
     NER= 1
     -----------------------------------------------------------------------------------------------------------------
1
      300. K to      950. K
 0.22156620E+00 0.75406030E-01 0.16969565E-04-0.65808777E-07 0.29090674E-10
-0.19194488E+05 0.29037790E+02
                               0.22156620E+00 0.75406030E-01 0.16969565E-04
-0.65808777E-07 0.29090674E-10-0.19194488E+05 0.29037790E+02
