 C9H19O2          Molecular weight =159.249

 Heat of formation at 298K =  -53.536 (kcal/mol)

 B =   0.032 cm?1     Symmetric number =  1

 Internal rotation
 ===================================================
  No      Br       sigma    dim      Vr(kcal/mol)
 ===================================================


 Vibrational Frequencies (cm^-1)
 -------------------------------
         25.
         47.
         90.
         99.
        126.
        152.
        195.
        214.
        226.
        234.
        246.
        258.
        289.
        334.
        362.
        388.
        391.
        437.
        469.
        534.
        542.
        731.
        747.
        790.
        839.
        847.
        929.
        936.
        946.
        950.
        965.
       1000.
       1024.
       1048.
       1058.
       1096.
       1137.
       1170.
       1190.
       1206.
       1211.
       1235.
       1271.
       1291.
       1320.
       1339.
       1353.
       1372.
       1385.
       1399.
       1402.
       1405.
       1422.
       1424.
       1473.
       1483.
       1485.
       1491.
       1493.
       1496.
       1498.
       1507.
       1510.
       1515.
       1516.
       2985.
       2995.
       3013.
       3019.
       3020.
       3026.
       3031.
       3040.
       3045.
       3058.
       3072.
       3078.
       3080.
       3085.
       3093.
       3105.
       3112.
       3122.
       3125.
 -------------------------------


1
   T(K)       Cp(cal/mol/K)   S(cal/mol/K)  [H(T)-H(298K)](kcal/mol)
 -----------------------------------------------------------------
   50.00          0.000          0.000            -9.144
  100.00         25.398         76.901            -7.936
  200.00         40.240         99.320            -4.616
  298.15         54.059        117.918             0.000
  300.00         54.332        118.253             0.100
  350.00         61.761        127.185             3.002
  400.00         69.089        135.913             6.275
  450.00         76.083        144.459             9.906
  500.00         82.620        152.817            13.875
  500.00         82.620        152.817            13.875
  550.00         88.663        160.979            18.159
  600.00         94.225        168.936            22.734
  650.00         99.342        176.683            27.574
  700.00        104.056        184.220            32.661
  750.00        108.409        191.549            37.974
  800.00        112.435        198.676            43.496
  850.00        116.165        205.606            49.213
  900.00        119.627        212.345            55.108
  950.00        122.842        218.900            61.171
 1000.00        125.830        225.278            67.389
 1100.00        131.195        237.528            80.247
 1200.00        135.842        249.148            93.604
 1300.00        139.875        260.184           107.395
 1400.00        143.381        270.681           121.561
 1500.00        146.437        280.680           136.056
 1600.00        149.107        290.218           150.836
 1700.00        151.448        299.329           165.866
 1800.00        153.506        308.045           181.116
 1900.00        155.321        316.395           196.559
 2000.00        156.928        324.403           212.173
 2100.00        158.355        332.095           227.939
 2200.00        159.626        339.492           243.839
 2300.00        160.762        346.613           259.860
 2400.00        161.781        353.477           275.988
 2500.00        162.698        360.100           292.212
 2600.00        163.525        366.497           308.524
 2700.00        164.273        372.683           324.915
 2800.00        164.952        378.670           341.377
 2900.00        165.569        384.469           357.903
 3000.00        166.132        390.092           374.489
 -----------------------------------------------------------------
1
 High temperature

     Input value
     ------------


 No.Points =   20    Gas constant=      1.9871     Enthalpy of formation=   -53.5356



 Cpo at To=       125.830     H-H298 at To=     67388.914     Sto at To=       225.278






     TEMP.          H-H298          Pred/Correct          Sto          Pred/Correct          Cpo          Pred/Correct
     -----          ------          ------------          ---          ------------          ---          ------------

       1100.0      80246.6328             0.9998          237.5283           0.9999          131.1949           0.9981
       1200.0      93604.0078             0.9995          249.1478           0.9998          135.8422           0.9977
       1300.0     107394.6016             0.9993          260.1840           0.9998          139.8750           0.9980
       1400.0     121561.4688             0.9992          270.6812           0.9997          143.3813           0.9988
       1500.0     136055.8594             0.9992          280.6801           0.9997          146.4371           0.9997
       1600.0     150836.0469             0.9993          290.2180           0.9997          149.1074           1.0005
       1700.0     165866.3438             0.9994          299.3294           0.9997          151.4478           1.0011
       1800.0     181116.1875             0.9996          308.0454           0.9998          153.5056           1.0015
       1900.0     196559.3906             0.9998          316.3947           0.9998          155.3209           1.0017
       2000.0     212173.4219             0.9999          324.4033           0.9999          156.9276           1.0016
       2100.0     227938.9219             1.0000          332.0950           0.9999          158.3545           1.0012
       2200.0     243839.1563             1.0001          339.4915           0.9999          159.6259           1.0007
       2300.0     259859.6250             1.0001          346.6127           0.9999          160.7624           1.0001
       2400.0     275987.7188             1.0001          353.4767           0.9999          161.7815           0.9996
       2500.0     292212.5000             1.0000          360.0998           0.9999          162.6982           0.9991
       2600.0     308524.3438             1.0000          366.4973           0.9999          163.5251           0.9988
       2700.0     324914.9063             0.9999          372.6831           0.9999          164.2733           0.9988
       2800.0     341376.7188             0.9999          378.6698           0.9999          164.9521           0.9992
       2900.0     357903.2813             0.9999          384.4691           0.9999          165.5695           1.0001
       3000.0     374488.7813             0.9999          390.0918           0.9999          166.1325           1.0017
     -----------------------------------------------------------------------------------------------------------------




     Least square coefficients
     -------------------------
     A(1)=  0.17863409E+02

     A(2)=  0.67448884E-01

     A(3)= -0.25883222E-04

     A(4)=  0.40526515E-08

     A(5)= -0.15970347E-12

     A6=-0.36969895E+05

     A7=-0.65847054E+02

     Lambdao= 0.45605186E+00

     Lambda1= 0.15164141E+00

     Lambda2= 0.46326539E+00


     -----------------------------------------------------------------------------------------------------------------
     NER= 1
     -----------------------------------------------------------------------------------------------------------------
1
     1100. K to     3000. K
 0.17863409E+02 0.67448884E-01-0.25883222E-04 0.40526515E-08-0.15970347E-12
-0.36969895E+05-0.65847054E+02
                               0.17863409E+02 0.67448884E-01-0.25883222E-04
 0.40526515E-08-0.15970347E-12-0.36969895E+05-0.65847054E+02



 Low temperature


     Input value
     ------------


 No.Points =   15    Gas constant=      1.9871     Enthalpy of formation=   -53.5356



 Cpo at To=       125.830     H-H298 at To=     67388.914     Sto at To=       225.278






     TEMP.          H-H298          Pred/Correct          Sto          Pred/Correct          Cpo          Pred/Correct
     -----          ------          ------------          ---          ------------          ---          ------------

        300.0        100.2614             0.9738          118.2528           0.9999           54.3318           0.9986
        350.0       3002.3733             1.0000          127.1853           0.9999           61.7606           1.0019
        400.0       6274.5996             1.0008          135.9133           1.0001           69.0888           1.0010
        450.0       9905.6260             1.0006          144.4587           1.0001           76.0831           0.9997
        500.0      13875.2412             1.0003          152.8174           1.0000           82.6202           0.9991
        500.0      13875.2412             1.0003          152.8174           1.0000           82.6202           0.9991
        550.0      18159.3809             1.0000          160.9793           1.0000           88.6631           0.9993
        600.0      22733.5234             0.9999          168.9359           1.0000           94.2250           0.9999
        650.0      27574.4648             1.0000          176.6828           1.0000           99.3420           1.0005
        700.0      32661.0137             1.0001          184.2197           1.0000          104.0563           1.0008
        750.0      37974.0664             1.0002          191.5492           1.0000          108.4085           1.0008
        800.0      43496.4336             1.0002          198.6759           1.0001          112.4346           1.0004
        850.0      49212.6094             1.0002          205.6056           1.0001          116.1654           0.9998
        900.0      55108.4883             1.0001          212.3446           1.0000          119.6270           0.9993
        950.0      61171.1992             1.0000          218.8997           1.0000          122.8421           0.9992
     -----------------------------------------------------------------------------------------------------------------




     Least square coefficients
     -------------------------
     A(1)=  0.25501094E+01

     A(2)=  0.81306480E-01

     A(3)=  0.25516367E-04

     A(4)= -0.82629604E-07

     A(5)=  0.36578657E-10

     A6=-0.31395695E+05

     A7= 0.20085569E+02

     Lambdao= 0.56640267E-01

     Lambda1=-0.59501454E-01

     Lambda2=-0.16475618E-01


     -----------------------------------------------------------------------------------------------------------------
     NER= 1
     -----------------------------------------------------------------------------------------------------------------
1
      300. K to      950. K
 0.25501094E+01 0.81306480E-01 0.25516367E-04-0.82629604E-07 0.36578657E-10
-0.31395695E+05 0.20085569E+02
                               0.25501094E+01 0.81306480E-01 0.25516367E-04
-0.82629604E-07 0.36578657E-10-0.31395695E+05 0.20085569E+02
