 C9H18O           Molecular weight =159.249

 Heat of formation at 298K =  -55.879 (kcal/mol)

 B =   0.051 cm?1     Symmetric number =  1

 Internal rotation
 ===================================================
  No      Br       sigma    dim      Vr(kcal/mol)
 ===================================================


 Vibrational Frequencies (cm^-1)
 -------------------------------
         34.
         45.
         66.
         96.
        131.
        134.
        218.
        230.
        244.
        261.
        357.
        385.
        415.
        456.
        487.
        740.
        757.
        820.
        843.
        877.
        901.
        929.
        946.
        962.
        967.
        972.
       1008.
       1028.
       1047.
       1056.
       1082.
       1118.
       1149.
       1159.
       1165.
       1191.
       1204.
       1235.
       1258.
       1287.
       1307.
       1316.
       1333.
       1338.
       1359.
       1372.
       1384.
       1399.
       1403.
       1407.
       1423.
       1482.
       1487.
       1492.
       1498.
       1506.
       1508.
       1514.
       1515.
       1539.
       2985.
       2992.
       2995.
       2996.
       3006.
       3009.
       3014.
       3019.
       3020.
       3025.
       3040.
       3048.
       3053.
       3066.
       3073.
       3079.
       3085.
       3094.
 -------------------------------


1
   T(K)       Cp(cal/mol/K)   S(cal/mol/K)  [H(T)-H(298K)](kcal/mol)
 -----------------------------------------------------------------
   50.00          0.000          0.000            -7.744
  100.00         22.534         74.591            -6.599
  200.00         32.984         93.477            -3.815
  298.15         45.312        108.835             0.000
  300.00         45.572        109.116             0.084
  350.00         52.759        116.678             2.541
  400.00         59.971        124.196             5.360
  450.00         66.902        131.663             8.534
  500.00         73.393        139.052            12.043
  500.00         73.393        139.052            12.043
  550.00         79.392        146.333            15.865
  600.00         84.907        153.481            19.974
  650.00         89.971        160.480            24.348
  700.00         94.625        167.320            28.965
  750.00         98.912        173.996            33.804
  800.00        102.868        180.508            38.850
  850.00        106.525        186.856            44.086
  900.00        109.911        193.041            49.498
  950.00        113.048        199.069            55.073
 1000.00        115.958        204.943            60.799
 1100.00        121.168        216.245            72.662
 1200.00        125.666        226.986            85.009
 1300.00        129.559        237.202            97.775
 1400.00        132.935        246.930           110.904
 1500.00        135.871        256.204           124.347
 1600.00        138.432        265.056           138.065
 1700.00        140.674        273.517           152.023
 1800.00        142.642        281.615           166.191
 1900.00        144.377        289.375           180.544
 2000.00        145.910        296.820           195.060
 2100.00        147.271        303.973           209.720
 2200.00        148.483        310.852           224.509
 2300.00        149.565        317.477           239.412
 2400.00        150.535        323.863           254.418
 2500.00        151.407        330.026           269.516
 2600.00        152.193        335.980           284.697
 2700.00        152.904        341.737           299.952
 2800.00        153.549        347.310           315.276
 2900.00        154.136        352.709           330.660
 3000.00        154.670        357.943           346.101
 -----------------------------------------------------------------
1
 High temperature

     Input value
     ------------


 No.Points =   20    Gas constant=      1.9871     Enthalpy of formation=   -55.8791



 Cpo at To=       115.958     H-H298 at To=     60799.285     Sto at To=       204.943






     TEMP.          H-H298          Pred/Correct          Sto          Pred/Correct          Cpo          Pred/Correct
     -----          ------          ------------          ---          ------------          ---          ------------

       1100.0      72662.0313             0.9998          216.2451           0.9999          121.1682           0.9978
       1200.0      85009.2188             0.9995          226.9858           0.9998          125.6664           0.9973
       1300.0      97775.1328             0.9992          237.2019           0.9997          129.5587           0.9977
       1400.0     110903.7813             0.9991          246.9297           0.9997          132.9348           0.9986
       1500.0     124347.4375             0.9991          256.2037           0.9996          135.8710           0.9996
       1600.0     138065.4844             0.9992          265.0562           0.9996          138.4323           1.0005
       1700.0     152023.2656             0.9993          273.5174           0.9997          140.6739           1.0013
       1800.0     166191.1719             0.9995          281.6150           0.9997          142.6422           1.0017
       1900.0     180543.9063             0.9997          289.3747           0.9998          144.3766           1.0019
       2000.0     195059.7969             0.9999          296.8201           0.9998          145.9102           1.0018
       2100.0     209720.2188             1.0000          303.9726           0.9999          147.2711           1.0014
       2200.0     224509.0469             1.0001          310.8522           0.9999          148.4827           1.0009
       2300.0     239412.4219             1.0001          317.4768           0.9999          149.5650           1.0002
       2400.0     254418.2969             1.0001          323.8631           0.9999          150.5350           0.9996
       2500.0     269516.1563             1.0000          330.0262           0.9999          151.4070           0.9990
       2600.0     284696.8438             1.0000          335.9801           0.9999          152.1934           0.9987
       2700.0     299952.3125             0.9999          341.7375           0.9999          152.9045           0.9986
       2800.0     315275.5313             0.9998          347.3101           0.9999          153.5494           0.9991
       2900.0     330660.2500             0.9998          352.7088           0.9999          154.1358           1.0001
       3000.0     346100.9688             0.9999          357.9434           0.9999          154.6703           1.0019
     -----------------------------------------------------------------------------------------------------------------




     Least square coefficients
     -------------------------
     A(1)=  0.14637917E+02

     A(2)=  0.64568564E-01

     A(3)= -0.24378596E-04

     A(4)=  0.36403702E-08

     A(5)= -0.11411019E-12

     A6=-0.37207266E+05

     A7=-0.51545326E+02

     Lambdao= 0.50669903E+00

     Lambda1= 0.16671251E+00

     Lambda2= 0.50903404E+00


     -----------------------------------------------------------------------------------------------------------------
     NER= 1
     -----------------------------------------------------------------------------------------------------------------
1
     1100. K to     3000. K
 0.14637917E+02 0.64568564E-01-0.24378596E-04 0.36403702E-08-0.11411019E-12
-0.37207266E+05-0.51545326E+02
                               0.14637917E+02 0.64568564E-01-0.24378596E-04
 0.36403702E-08-0.11411019E-12-0.37207266E+05-0.51545326E+02



 Low temperature


     Input value
     ------------


 No.Points =   15    Gas constant=      1.9871     Enthalpy of formation=   -55.8791



 Cpo at To=       115.958     H-H298 at To=     60799.285     Sto at To=       204.943






     TEMP.          H-H298          Pred/Correct          Sto          Pred/Correct          Cpo          Pred/Correct
     -----          ------          ------------          ---          ------------          ---          ------------

        300.0         84.0687             0.9402          109.1163           0.9998           45.5723           0.9971
        350.0       2541.4106             0.9991          116.6781           0.9999           52.7594           1.0030
        400.0       5360.3389             1.0010          124.1957           1.0001           59.9714           1.0019
        450.0       8533.7744             1.0009          131.6632           1.0001           66.9019           0.9999
        500.0      12043.1504             1.0004          139.0522           1.0001           73.3931           0.9989
        500.0      12043.1504             1.0004          139.0522           1.0001           73.3931           0.9989
        550.0      15864.8516             1.0001          146.3326           1.0000           79.3924           0.9990
        600.0      19974.2969             0.9999          153.4805           1.0000           84.9070           0.9996
        650.0      24348.0293             0.9999          160.4795           1.0000           89.9706           1.0003
        700.0      28964.5391             1.0000          167.3198           1.0000           94.6252           1.0008
        750.0      33804.4258             1.0001          173.9964           1.0000           98.9121           1.0008
        800.0      38850.2422             1.0002          180.5080           1.0000          102.8682           1.0005
        850.0      44086.2617             1.0002          186.8556           1.0001          106.5253           0.9999
        900.0      49498.2500             1.0001          193.0414           1.0000          109.9108           0.9993
        950.0      55073.2070             1.0001          199.0691           1.0000          113.0483           0.9992
     -----------------------------------------------------------------------------------------------------------------




     Least square coefficients
     -------------------------
     A(1)= -0.81017923E+00

     A(2)=  0.75091876E-01

     A(3)=  0.36927853E-04

     A(4)= -0.92337537E-07

     A(5)=  0.39482136E-10

     A6=-0.31381063E+05

     A7= 0.36083370E+02

     Lambdao= 0.43404251E-01

     Lambda1=-0.39181754E-01

     Lambda2=-0.11995204E-01


     -----------------------------------------------------------------------------------------------------------------
     NER= 1
     -----------------------------------------------------------------------------------------------------------------
1
      300. K to      950. K
-0.81017923E+00 0.75091876E-01 0.36927853E-04-0.92337537E-07 0.39482136E-10
-0.31381063E+05 0.36083370E+02
                              -0.81017923E+00 0.75091876E-01 0.36927853E-04
-0.92337537E-07 0.39482136E-10-0.31381063E+05 0.36083370E+02
