 C9H19O2          Molecular weight =159.249

 Heat of formation at 298K =  -40.846 (kcal/mol)

 B =   0.031 cm?1     Symmetric number =  1

 Internal rotation
 ===================================================
  No      Br       sigma    dim      Vr(kcal/mol)
 ===================================================


 Vibrational Frequencies (cm^-1)
 -------------------------------
         22.
         36.
         65.
         84.
         99.
        111.
        119.
        170.
        190.
        197.
        228.
        251.
        261.
        272.
        331.
        345.
        368.
        389.
        392.
        470.
        526.
        542.
        741.
        751.
        799.
        830.
        872.
        920.
        929.
        941.
        943.
        976.
        983.
       1006.
       1021.
       1033.
       1053.
       1061.
       1116.
       1192.
       1223.
       1257.
       1269.
       1287.
       1298.
       1340.
       1341.
       1356.
       1363.
       1392.
       1395.
       1399.
       1415.
       1416.
       1472.
       1473.
       1475.
       1480.
       1486.
       1490.
       1494.
       1496.
       1497.
       1507.
       1518.
       2916.
       2924.
       2958.
       3016.
       3022.
       3024.
       3027.
       3032.
       3033.
       3043.
       3061.
       3070.
       3078.
       3085.
       3096.
       3108.
       3113.
       3123.
       3781.
 -------------------------------


1
   T(K)       Cp(cal/mol/K)   S(cal/mol/K)  [H(T)-H(298K)](kcal/mol)
 -----------------------------------------------------------------
   50.00          0.000          0.000            -9.880
  100.00         28.374         81.090            -8.466
  200.00         42.894        105.480            -4.864
  298.15         56.463        125.090             0.000
  300.00         56.731        125.440             0.105
  350.00         64.020        134.732             3.123
  400.00         71.192        143.752             6.505
  450.00         78.022        152.535            10.237
  500.00         84.394        161.090            14.299
  500.00         84.394        161.090            14.299
  550.00         90.277        169.413            18.668
  600.00         95.688        177.503            23.319
  650.00        100.664        185.362            28.230
  700.00        105.248        192.992            33.379
  750.00        109.481        200.399            38.748
  800.00        113.398        207.592            44.322
  850.00        117.030        214.577            50.084
  900.00        120.402        221.363            56.020
  950.00        123.537        227.958            62.120
 1000.00        126.452        234.369            68.370
 1100.00        131.694        246.673            81.284
 1200.00        136.242        258.332            94.686
 1300.00        140.196        269.397           108.513
 1400.00        143.640        279.915           122.708
 1500.00        146.646        289.930           137.226
 1600.00        149.277        299.480           152.025
 1700.00        151.585        308.601           167.071
 1800.00        153.618        317.324           182.333
 1900.00        155.413        325.679           197.786
 2000.00        157.003        333.692           213.409
 2100.00        158.416        341.387           229.181
 2200.00        159.677        348.786           245.087
 2300.00        160.804        355.909           261.112
 2400.00        161.816        362.775           277.244
 2500.00        162.726        369.399           293.472
 2600.00        163.548        375.798           309.786
 2700.00        164.292        381.984           326.179
 2800.00        164.968        387.972           342.642
 2900.00        165.582        393.771           359.170
 3000.00        166.143        399.395           375.757
 -----------------------------------------------------------------
1
 High temperature

     Input value
     ------------


 No.Points =   20    Gas constant=      1.9871     Enthalpy of formation=   -40.8461



 Cpo at To=       126.452     H-H298 at To=     68370.406     Sto at To=       234.369






     TEMP.          H-H298          Pred/Correct          Sto          Pred/Correct          Cpo          Pred/Correct
     -----          ------          ------------          ---          ------------          ---          ------------

       1100.0      81283.9297             0.9998          246.6732           0.9999          131.6936           0.9982
       1200.0      94686.0703             0.9995          258.3317           0.9999          136.2423           0.9977
       1300.0     108512.5938             0.9993          269.3967           0.9998          140.1965           0.9980
       1400.0     122708.3594             0.9992          279.9153           0.9997          143.6402           0.9988
       1500.0     137226.0469             0.9992          289.9303           0.9997          146.6462           0.9997
       1600.0     152025.0938             0.9993          299.4805           0.9997          149.2768           1.0005
       1700.0     167070.6875             0.9994          308.6011           0.9997          151.5854           1.0011
       1800.0     182333.0000             0.9996          317.3242           0.9998          153.6178           1.0015
       1900.0     197786.3281             0.9998          325.6790           0.9998          155.4126           1.0017
       2000.0     213408.6875             0.9999          333.6919           0.9999          157.0027           1.0016
       2100.0     229180.9844             1.0000          341.3869           0.9999          158.4161           1.0012
       2200.0     245086.7969             1.0001          348.7861           0.9999          159.6765           1.0008
       2300.0     261111.8438             1.0001          355.9093           0.9999          160.8040           1.0002
       2400.0     277243.7500             1.0001          362.7748           0.9999          161.8158           0.9996
       2500.0     293471.6563             1.0000          369.3993           0.9999          162.7264           0.9991
       2600.0     309786.0625             1.0000          375.7978           0.9999          163.5483           0.9988
       2700.0     326178.7188             0.9999          381.9843           0.9999          164.2924           0.9988
       2800.0     342642.2500             0.9999          387.9717           0.9999          164.9676           0.9992
       2900.0     359170.2188             0.9999          393.7715           0.9999          165.5821           1.0001
       3000.0     375756.8750             0.9999          399.3946           0.9999          166.1427           1.0017
     -----------------------------------------------------------------------------------------------------------------




     Least square coefficients
     -------------------------
     A(1)=  0.19867025E+02

     A(2)=  0.64323649E-01

     A(3)= -0.23973605E-04

     A(4)=  0.35218315E-08

     A(5)= -0.10383378E-12

     A6=-0.31046195E+05

     A7=-0.72778954E+02

     Lambdao= 0.45827007E+00

     Lambda1= 0.15210392E+00

     Lambda2= 0.46437699E+00


     -----------------------------------------------------------------------------------------------------------------
     NER= 1
     -----------------------------------------------------------------------------------------------------------------
1
     1100. K to     3000. K
 0.19867025E+02 0.64323649E-01-0.23973605E-04 0.35218315E-08-0.10383378E-12
-0.31046195E+05-0.72778954E+02
                               0.19867025E+02 0.64323649E-01-0.23973605E-04
 0.35218315E-08-0.10383378E-12-0.31046195E+05-0.72778954E+02



 Low temperature


     Input value
     ------------


 No.Points =   15    Gas constant=      1.9871     Enthalpy of formation=   -40.8461



 Cpo at To=       126.452     H-H298 at To=     68370.406     Sto at To=       234.369






     TEMP.          H-H298          Pred/Correct          Sto          Pred/Correct          Cpo          Pred/Correct
     -----          ------          ------------          ---          ------------          ---          ------------

        300.0        104.7049             0.9637          125.4398           0.9999           56.7313           0.9981
        350.0       3123.3704             0.9994          134.7319           0.9999           64.0201           1.0019
        400.0       6504.7197             1.0006          143.7516           1.0000           71.1921           1.0013
        450.0      10236.8076             1.0006          152.5352           1.0001           78.0217           1.0000
        500.0      14299.2178             1.0003          161.0897           1.0000           84.3938           0.9993
        500.0      14299.2178             1.0003          161.0897           1.0000           84.3938           0.9993
        550.0      18668.0137             1.0001          169.4130           1.0000           90.2770           0.9993
        600.0      23319.0313             0.9999          177.5034           1.0000           95.6878           0.9997
        650.0      28229.5469             1.0000          185.3618           1.0000          100.6639           1.0003
        700.0      33378.8906             1.0000          192.9919           1.0000          105.2480           1.0006
        750.0      38748.4961             1.0001          200.3995           1.0000          109.4809           1.0006
        800.0      44321.7188             1.0002          207.5919           1.0000          113.3981           1.0003
        850.0      50083.5508             1.0002          214.5769           1.0000          117.0300           0.9999
        900.0      56020.3867             1.0001          221.3628           1.0000          120.4022           0.9995
        950.0      62119.8086             1.0000          227.9576           1.0000          123.5366           0.9994
     -----------------------------------------------------------------------------------------------------------------




     Least square coefficients
     -------------------------
     A(1)=  0.30073071E+01

     A(2)=  0.88617466E-01

     A(3)=  0.29377832E-05

     A(4)= -0.58870580E-07

     A(5)=  0.27943077E-10

     A6=-0.25315131E+05

     A7= 0.19720057E+02

     Lambdao= 0.38099498E-01

     Lambda1=-0.35453737E-01

     Lambda2=-0.10650869E-01


     -----------------------------------------------------------------------------------------------------------------
     NER= 1
     -----------------------------------------------------------------------------------------------------------------
1
      300. K to      950. K
 0.30073071E+01 0.88617466E-01 0.29377832E-05-0.58870580E-07 0.27943077E-10
-0.25315131E+05 0.19720057E+02
                               0.30073071E+01 0.88617466E-01 0.29377832E-05
-0.58870580E-07 0.27943077E-10-0.25315131E+05 0.19720057E+02
