 C9H18            Molecular weight =126.242

 Heat of formation at 298K =  -32.597 (kcal/mol)

 B =   0.053 cm?1     Symmetric number =  1

 Internal rotation
 ===================================================
  No      Br       sigma    dim      Vr(kcal/mol)
 ===================================================


 Vibrational Frequencies (cm^-1)
 -------------------------------
         35.
         58.
         85.
        113.
        194.
        223.
        225.
        247.
        254.
        272.
        287.
        364.
        382.
        429.
        453.
        469.
        543.
        793.
        834.
        863.
        902.
        931.
        932.
        945.
        956.
        962.
        966.
       1006.
       1053.
       1108.
       1115.
       1133.
       1185.
       1189.
       1199.
       1246.
       1290.
       1314.
       1328.
       1341.
       1366.
       1367.
       1388.
       1397.
       1403.
       1417.
       1422.
       1479.
       1489.
       1490.
       1491.
       1497.
       1502.
       1506.
       1511.
       1512.
       1728.
       2989.
       2991.
       3011.
       3013.
       3015.
       3018.
       3019.
       3035.
       3072.
       3074.
       3078.
       3080.
       3084.
       3091.
       3091.
       3094.
       3097.
       3099.
 -------------------------------


1
   T(K)       Cp(cal/mol/K)   S(cal/mol/K)  [H(T)-H(298K)](kcal/mol)
 -----------------------------------------------------------------
   50.00          0.000          0.000            -7.733
  100.00         21.671         71.430            -6.700
  200.00         33.879         90.399            -3.894
  298.15         45.759        106.081             0.000
  300.00         45.998        106.364             0.085
  350.00         52.577        113.947             2.549
  400.00         59.132        121.398             5.342
  450.00         65.432        128.730             8.458
  500.00         71.351        135.934            11.879
  500.00         71.351        135.934            11.879
  550.00         76.847        142.995            15.586
  600.00         81.924        149.902            19.557
  650.00         86.611        156.647            23.772
  700.00         90.943        163.227            28.212
  750.00         94.953        169.639            32.861
  800.00         98.671        175.888            37.702
  850.00        102.124        181.975            42.723
  900.00        105.334        187.904            47.911
  950.00        108.319        193.680            53.253
 1000.00        111.097        199.307            58.739
 1100.00        116.093        210.136            70.105
 1200.00        120.428        220.428            81.936
 1300.00        124.195        230.219            94.171
 1400.00        127.472        239.546           106.758
 1500.00        130.331        248.440           119.652
 1600.00        132.830        256.933           132.813
 1700.00        135.022        265.053           146.208
 1800.00        136.949        272.827           159.808
 1900.00        138.650        280.278           173.590
 2000.00        140.156        287.428           187.532
 2100.00        141.493        294.300           201.615
 2200.00        142.685        300.910           215.825
 2300.00        143.750        307.276           230.148
 2400.00        144.706        313.415           244.572
 2500.00        145.566        319.340           259.086
 2600.00        146.341        325.064           273.682
 2700.00        147.043        330.601           288.352
 2800.00        147.680        335.960           303.089
 2900.00        148.259        341.153           317.886
 3000.00        148.787        346.188           332.739
 -----------------------------------------------------------------
1
 High temperature

     Input value
     ------------


 No.Points =   20    Gas constant=      1.9871     Enthalpy of formation=   -32.5975



 Cpo at To=       111.097     H-H298 at To=     58739.098     Sto at To=       199.307






     TEMP.          H-H298          Pred/Correct          Sto          Pred/Correct          Cpo          Pred/Correct
     -----          ------          ------------          ---          ------------          ---          ------------

       1100.0      70104.5547             0.9998          210.1360           0.9999          116.0932           0.9977
       1200.0      81935.7266             0.9994          220.4278           0.9998          120.4282           0.9971
       1300.0      94171.2500             0.9991          230.2194           0.9997          124.1946           0.9975
       1400.0     106758.3672             0.9990          239.5460           0.9996          127.4723           0.9984
       1500.0     119651.7578             0.9990          248.4404           0.9996          130.3309           0.9995
       1600.0     132812.5781             0.9991          256.9333           0.9996          132.8302           1.0005
       1700.0     146207.5313             0.9993          265.0533           0.9997          135.0216           1.0014
       1800.0     159808.1094             0.9995          272.8266           0.9997          136.9491           1.0019
       1900.0     173589.8281             0.9997          280.2776           0.9998          138.6499           1.0021
       2000.0     187531.5781             0.9999          287.4284           0.9998          140.1557           1.0020
       2100.0     201615.3281             1.0000          294.2997           0.9999          141.4931           1.0016
       2200.0     215825.3594             1.0001          300.9099           0.9999          142.6849           1.0010
       2300.0     230148.1094             1.0001          307.2765           0.9999          143.7504           1.0003
       2400.0     244571.7813             1.0001          313.4150           0.9999          144.7060           0.9995
       2500.0     259086.1250             1.0001          319.3399           0.9999          145.5657           0.9989
       2600.0     273682.1250             1.0000          325.0645           0.9999          146.3412           0.9985
       2700.0     288351.9063             0.9999          330.6008           0.9999          147.0430           0.9984
       2800.0     303088.5313             0.9998          335.9601           0.9998          147.6796           0.9989
       2900.0     317885.9063             0.9998          341.1526           0.9998          148.2587           1.0001
       3000.0     332738.5938             0.9999          346.1879           0.9999          148.7868           1.0022
     -----------------------------------------------------------------------------------------------------------------




     Least square coefficients
     -------------------------
     A(1)=  0.15772962E+02

     A(2)=  0.57498876E-01

     A(3)= -0.19598450E-04

     A(4)=  0.21822144E-08

     A(5)=  0.52313439E-13

     A6=-0.25390273E+05

     A7=-0.57097771E+02

     Lambdao= 0.51797986E+00

     Lambda1= 0.17073992E+00

     Lambda2= 0.52115381E+00


     -----------------------------------------------------------------------------------------------------------------
     NER= 1
     -----------------------------------------------------------------------------------------------------------------
1
     1100. K to     3000. K
 0.15772962E+02 0.57498876E-01-0.19598450E-04 0.21822144E-08 0.52313439E-13
-0.25390273E+05-0.57097771E+02
                               0.15772962E+02 0.57498876E-01-0.19598450E-04
 0.21822144E-08 0.52313439E-13-0.25390273E+05-0.57097771E+02



 Low temperature


     Input value
     ------------


 No.Points =   15    Gas constant=      1.9871     Enthalpy of formation=   -32.5975



 Cpo at To=       111.097     H-H298 at To=     58739.098     Sto at To=       199.307






     TEMP.          H-H298          Pred/Correct          Sto          Pred/Correct          Cpo          Pred/Correct
     -----          ------          ------------          ---          ------------          ---          ------------

        300.0         84.8754             0.9697          106.3644           0.9999           45.9985           0.9986
        350.0       2548.7278             1.0000          113.9474           0.9999           52.5767           1.0022
        400.0       5342.1172             1.0009          121.3978           1.0001           59.1323           1.0011
        450.0       8457.6357             1.0007          128.7296           1.0001           65.4323           0.9996
        500.0      11878.9502             1.0003          135.9336           1.0000           71.3513           0.9990
        500.0      11878.9502             1.0003          135.9336           1.0000           71.3513           0.9990
        550.0      15585.6748             1.0000          142.9952           1.0000           76.8466           0.9992
        600.0      19556.6367             0.9999          149.9024           1.0000           81.9241           0.9999
        650.0      23771.5762             1.0000          156.6474           1.0000           86.6114           1.0006
        700.0      28211.8496             1.0001          163.2266           1.0000           90.9431           1.0009
        750.0      32860.5273             1.0002          169.6395           1.0000           94.9531           1.0009
        800.0      37702.2930             1.0003          175.8878           1.0001           98.6714           1.0004
        850.0      42723.2422             1.0002          181.9746           1.0001          102.1241           0.9998
        900.0      47910.6523             1.0002          187.9038           1.0000          105.3335           0.9992
        950.0      53252.8633             1.0001          193.6799           1.0000          108.3190           0.9991
     -----------------------------------------------------------------------------------------------------------------




     Least square coefficients
     -------------------------
     A(1)=  0.21632292E+01

     A(2)=  0.64596921E-01

     A(3)=  0.40860439E-04

     A(4)= -0.89201791E-07

     A(5)=  0.37489113E-10

     A6=-0.20123887E+05

     A7= 0.20689610E+02

     Lambdao= 0.52619457E-01

     Lambda1=-0.54626063E-01

     Lambda2=-0.15257977E-01


     -----------------------------------------------------------------------------------------------------------------
     NER= 1
     -----------------------------------------------------------------------------------------------------------------
1
      300. K to      950. K
 0.21632292E+01 0.64596921E-01 0.40860439E-04-0.89201791E-07 0.37489113E-10
-0.20123887E+05 0.20689610E+02
                               0.21632292E+01 0.64596921E-01 0.40860439E-04
-0.89201791E-07 0.37489113E-10-0.20123887E+05 0.20689610E+02
