 C9H18O           Molecular weight =159.249

 Heat of formation at 298K =  -79.424 (kcal/mol)

 B =   0.050 cm?1     Symmetric number =  1

 Internal rotation
 ===================================================
  No      Br       sigma    dim      Vr(kcal/mol)
 ===================================================


 Vibrational Frequencies (cm^-1)
 -------------------------------
         41.
         44.
        100.
        112.
        188.
        225.
        234.
        254.
        263.
        298.
        332.
        417.
        423.
        445.
        485.
        563.
        670.
        803.
        836.
        862.
        881.
        923.
        935.
        950.
        961.
        965.
        970.
       1006.
       1056.
       1064.
       1105.
       1123.
       1145.
       1166.
       1184.
       1195.
       1200.
       1255.
       1269.
       1277.
       1314.
       1338.
       1356.
       1362.
       1375.
       1377.
       1402.
       1406.
       1410.
       1418.
       1427.
       1466.
       1490.
       1491.
       1496.
       1499.
       1503.
       1506.
       1515.
       1530.
       2958.
       2976.
       2983.
       2998.
       3008.
       3013.
       3018.
       3019.
       3023.
       3038.
       3053.
       3069.
       3076.
       3080.
       3083.
       3085.
       3089.
       3128.
 -------------------------------


1
   T(K)       Cp(cal/mol/K)   S(cal/mol/K)  [H(T)-H(298K)](kcal/mol)
 -----------------------------------------------------------------
   50.00          0.000          0.000            -7.522
  100.00         20.860         72.017            -6.512
  200.00         32.722         90.213            -3.820
  298.15         45.532        105.582             0.000
  300.00         45.795        105.864             0.084
  350.00         53.020        113.464             2.554
  400.00         60.222        121.016             5.386
  450.00         67.123        128.512             8.571
  500.00         73.581        135.922            12.091
  500.00         73.581        135.922            12.091
  550.00         79.548        143.219            15.921
  600.00         85.034        150.379            20.038
  650.00         90.072        157.387            24.417
  700.00         94.705        164.235            29.038
  750.00         98.974        170.916            33.882
  800.00        102.914        177.431            38.930
  850.00        106.558        183.781            44.168
  900.00        109.933        189.968            49.581
  950.00        113.061        195.997            55.157
 1000.00        115.963        201.871            60.884
 1100.00        121.161        213.173            72.746
 1200.00        125.652        223.913            85.092
 1300.00        129.539        234.128            97.857
 1400.00        132.912        243.854           110.983
 1500.00        135.846        253.126           124.424
 1600.00        138.407        261.977           138.140
 1700.00        140.648        270.437           152.095
 1800.00        142.617        278.533           166.260
 1900.00        144.352        286.291           180.611
 2000.00        145.886        293.735           195.124
 2100.00        147.248        300.887           209.782
 2200.00        148.460        307.765           224.569
 2300.00        149.544        314.389           239.470
 2400.00        150.514        320.774           254.474
 2500.00        151.387        326.937           269.569
 2600.00        152.175        332.890           284.748
 2700.00        152.887        338.646           300.002
 2800.00        153.532        344.218           315.323
 2900.00        154.120        349.617           330.706
 3000.00        154.655        354.851           346.145
 -----------------------------------------------------------------
1
 High temperature

     Input value
     ------------


 No.Points =   20    Gas constant=      1.9871     Enthalpy of formation=   -79.4245



 Cpo at To=       115.963     H-H298 at To=     60883.711     Sto at To=       201.871






     TEMP.          H-H298          Pred/Correct          Sto          Pred/Correct          Cpo          Pred/Correct
     -----          ------          ------------          ---          ------------          ---          ------------

       1100.0      72746.3281             0.9998          213.1734           0.9999          121.1613           0.9981
       1200.0      85092.3984             0.9995          223.9131           0.9998          125.6516           0.9976
       1300.0      97856.5703             0.9993          234.1278           0.9997          129.5388           0.9980
       1400.0     110983.0469             0.9992          243.8540           0.9997          132.9118           0.9988
       1500.0     124424.3125             0.9992          253.1264           0.9997          135.8462           0.9997
       1600.0     138139.8281             0.9993          261.9773           0.9997          138.4067           1.0005
       1700.0     152095.0156             0.9994          270.4369           0.9997          140.6480           1.0012
       1800.0     166260.3594             0.9996          278.5330           0.9998          142.6166           1.0015
       1900.0     180610.5625             0.9998          286.2914           0.9998          144.3516           1.0017
       2000.0     195124.0000             0.9999          293.7354           0.9999          145.8860           1.0015
       2100.0     209782.0156             1.0000          300.8868           0.9999          147.2477           1.0012
       2200.0     224568.5625             1.0001          307.7653           0.9999          148.4602           1.0007
       2300.0     239469.7500             1.0001          314.3890           0.9999          149.5435           1.0001
       2400.0     254473.5156             1.0001          320.7744           0.9999          150.5145           0.9996
       2500.0     269569.3750             1.0000          326.9367           0.9999          151.3874           0.9991
       2600.0     284748.1563             1.0000          332.8898           0.9999          152.1747           0.9988
       2700.0     300001.8125             0.9999          338.6465           0.9999          152.8867           0.9989
       2800.0     315323.2813             0.9999          344.2185           0.9999          153.5324           0.9993
       2900.0     330706.3438             0.9999          349.6165           0.9999          154.1196           1.0001
       3000.0     346145.5000             0.9999          354.8506           0.9999          154.6550           1.0016
     -----------------------------------------------------------------------------------------------------------------




     Least square coefficients
     -------------------------
     A(1)=  0.13375463E+02

     A(2)=  0.67674391E-01

     A(3)= -0.27064636E-04

     A(4)=  0.46100537E-08

     A(5)= -0.23870001E-12

     A6=-0.48626219E+05

     A7=-0.46425240E+02

     Lambdao= 0.43217647E+00

     Lambda1= 0.14343244E+00

     Lambda2= 0.43763542E+00


     -----------------------------------------------------------------------------------------------------------------
     NER= 1
     -----------------------------------------------------------------------------------------------------------------
1
     1100. K to     3000. K
 0.13375463E+02 0.67674391E-01-0.27064636E-04 0.46100537E-08-0.23870001E-12
-0.48626219E+05-0.46425240E+02
                               0.13375463E+02 0.67674391E-01-0.27064636E-04
 0.46100537E-08-0.23870001E-12-0.48626219E+05-0.46425240E+02



 Low temperature


     Input value
     ------------


 No.Points =   15    Gas constant=      1.9871     Enthalpy of formation=   -79.4245



 Cpo at To=       115.963     H-H298 at To=     60883.711     Sto at To=       201.871






     TEMP.          H-H298          Pred/Correct          Sto          Pred/Correct          Cpo          Pred/Correct
     -----          ------          ------------          ---          ------------          ---          ------------

        300.0         84.4775             0.9482          105.8645           0.9998           45.7949           0.9975
        350.0       2554.1968             0.9993          113.4644           0.9999           53.0200           1.0027
        400.0       5386.0166             1.0009          121.0164           1.0001           60.2216           1.0017
        450.0       8571.2773             1.0008          128.5118           1.0001           67.1232           0.9999
        500.0      12090.8867             1.0004          135.9224           1.0001           73.5810           0.9990
        500.0      12090.8867             1.0004          135.9224           1.0001           73.5810           0.9990
        550.0      15921.1709             1.0000          143.2192           1.0000           79.5482           0.9990
        600.0      20037.6699             0.9999          150.3793           1.0000           85.0339           0.9997
        650.0      24417.1016             0.9999          157.3875           1.0000           90.0723           1.0004
        700.0      29038.1465             1.0000          164.2345           1.0000           94.7054           1.0008
        750.0      33881.5625             1.0001          170.9160           1.0000           98.9738           1.0008
        800.0      38930.0625             1.0002          177.4311           1.0000          102.9143           1.0005
        850.0      44168.0508             1.0002          183.7810           1.0001          106.5582           0.9999
        900.0      49581.3945             1.0001          189.9685           1.0000          109.9326           0.9993
        950.0      55157.2148             1.0000          195.9971           1.0000          113.0608           0.9992
     -----------------------------------------------------------------------------------------------------------------




     Least square coefficients
     -------------------------
     A(1)= -0.10983090E+01

     A(2)=  0.78125723E-01

     A(3)=  0.29382265E-04

     A(4)= -0.85065416E-07

     A(5)=  0.37012320E-10

     A6=-0.43225078E+05

     A7= 0.35460342E+02

     Lambdao= 0.43870628E-01

     Lambda1=-0.41080579E-01

     Lambda2=-0.12403157E-01


     -----------------------------------------------------------------------------------------------------------------
     NER= 1
     -----------------------------------------------------------------------------------------------------------------
1
      300. K to      950. K
-0.10983090E+01 0.78125723E-01 0.29382265E-04-0.85065416E-07 0.37012320E-10
-0.43225078E+05 0.35460342E+02
                              -0.10983090E+01 0.78125723E-01 0.29382265E-04
-0.85065416E-07 0.37012320E-10-0.43225078E+05 0.35460342E+02
