 C9H19O2          Molecular weight =159.249

 Heat of formation at 298K =  -45.281 (kcal/mol)

 B =   0.030 cm?1     Symmetric number =  1

 Internal rotation
 ===================================================
  No      Br       sigma    dim      Vr(kcal/mol)
 ===================================================


 Vibrational Frequencies (cm^-1)
 -------------------------------
         34.
         40.
         64.
         92.
         95.
        123.
        161.
        214.
        227.
        230.
        245.
        253.
        261.
        360.
        378.
        415.
        450.
        487.
        506.
        597.
        749.
        785.
        823.
        845.
        879.
        930.
        937.
        943.
        965.
        967.
        992.
       1030.
       1043.
       1060.
       1113.
       1134.
       1145.
       1170.
       1191.
       1197.
       1225.
       1272.
       1286.
       1303.
       1325.
       1339.
       1356.
       1359.
       1373.
       1383.
       1391.
       1400.
       1406.
       1419.
       1424.
       1478.
       1483.
       1489.
       1492.
       1498.
       1502.
       1506.
       1508.
       1509.
       1514.
       2983.
       2989.
       2992.
       2997.
       3013.
       3014.
       3020.
       3026.
       3028.
       3047.
       3065.
       3073.
       3077.
       3080.
       3083.
       3090.
       3094.
       3101.
       3131.
 -------------------------------


1
   T(K)       Cp(cal/mol/K)   S(cal/mol/K)  [H(T)-H(298K)](kcal/mol)
 -----------------------------------------------------------------
   50.00          0.000          0.000            -9.037
  100.00         25.890         78.598            -7.748
  200.00         39.071        100.767            -4.475
  298.15         52.497        118.795             0.000
  300.00         52.770        119.120             0.097
  350.00         60.246        127.815             2.922
  400.00         67.685        136.347             6.121
  450.00         74.814        144.735             9.685
  500.00         81.490        152.967            13.595
  500.00         81.490        152.967            13.595
  550.00         87.664        161.027            17.826
  600.00         93.346        168.902            22.353
  650.00         98.570        176.583            27.153
  700.00        103.379        184.066            32.203
  750.00        107.815        191.352            37.485
  800.00        111.913        198.443            42.979
  850.00        115.708        205.343            48.671
  900.00        119.224        212.057            54.545
  950.00        122.488        218.592            60.589
 1000.00        125.518        224.953            66.790
 1100.00        130.950        237.177            79.620
 1200.00        135.649        248.777            92.956
 1300.00        139.721        259.800           106.729
 1400.00        143.258        270.287           120.882
 1500.00        146.337        280.278           135.366
 1600.00        149.026        289.810           150.137
 1700.00        151.381        298.917           165.160
 1800.00        153.450        307.630           180.403
 1900.00        155.274        315.976           195.841
 2000.00        156.888        323.982           211.451
 2100.00        158.321        331.672           227.213
 2200.00        159.598        339.068           243.110
 2300.00        160.738        346.188           259.128
 2400.00        161.761        353.051           275.254
 2500.00        162.680        359.673           291.477
 2600.00        163.509        366.070           307.787
 2700.00        164.259        372.255           324.176
 2800.00        164.940        378.241           340.636
 2900.00        165.559        384.040           357.162
 3000.00        166.123        389.662           373.746
 -----------------------------------------------------------------
1
 High temperature

     Input value
     ------------


 No.Points =   20    Gas constant=      1.9871     Enthalpy of formation=   -45.2814



 Cpo at To=       125.518     H-H298 at To=     66790.211     Sto at To=       224.953






     TEMP.          H-H298          Pred/Correct          Sto          Pred/Correct          Cpo          Pred/Correct
     -----          ------          ------------          ---          ------------          ---          ------------

       1100.0      79620.2188             0.9998          237.1770           0.9999          130.9502           0.9982
       1200.0      92955.8203             0.9996          248.7775           0.9999          135.6491           0.9978
       1300.0     106729.1719             0.9994          259.7999           0.9998          139.7213           0.9982
       1400.0     120882.2500             0.9993          270.2868           0.9997          143.2579           0.9989
       1500.0     135365.5313             0.9993          280.2780           0.9997          146.3372           0.9998
       1600.0     150136.6719             0.9993          289.8102           0.9997          149.0258           1.0005
       1700.0     165159.5625             0.9995          298.9170           0.9998          151.3806           1.0011
       1800.0     180403.2969             0.9996          307.6295           0.9998          153.4499           1.0015
       1900.0     195841.3906             0.9998          315.9760           0.9998          155.2743           1.0016
       2000.0     211451.1563             0.9999          323.9825           0.9999          156.8884           1.0014
       2100.0     227213.0469             1.0000          331.6724           0.9999          158.3213           1.0011
       2200.0     243110.1875             1.0001          339.0675           0.9999          159.5975           1.0006
       2300.0     259128.0156             1.0001          346.1876           1.0000          160.7381           1.0001
       2400.0     275253.8750             1.0001          353.0505           0.9999          161.7605           0.9996
       2500.0     291476.6875             1.0000          359.6729           0.9999          162.6800           0.9991
       2600.0     307786.8438             1.0000          366.0697           0.9999          163.5093           0.9989
       2700.0     324175.9063             0.9999          372.2549           0.9999          164.2594           0.9989
       2800.0     340636.4063             0.9999          378.2411           0.9999          164.9399           0.9993
       2900.0     357161.8125             0.9999          384.0401           0.9999          165.5587           1.0002
       3000.0     373746.3438             0.9999          389.6624           0.9999          166.1229           1.0016
     -----------------------------------------------------------------------------------------------------------------




     Least square coefficients
     -------------------------
     A(1)=  0.16100372E+02

     A(2)=  0.70797078E-01

     A(3)= -0.28311153E-04

     A(4)=  0.48297792E-08

     A(5)= -0.25139805E-12

     A6=-0.32395033E+05

     A7=-0.56202255E+02

     Lambdao= 0.41838020E+00

     Lambda1= 0.14091437E+00

     Lambda2= 0.42959878E+00


     -----------------------------------------------------------------------------------------------------------------
     NER= 1
     -----------------------------------------------------------------------------------------------------------------
1
     1100. K to     3000. K
 0.16100372E+02 0.70797078E-01-0.28311153E-04 0.48297792E-08-0.25139805E-12
-0.32395033E+05-0.56202255E+02
                               0.16100372E+02 0.70797078E-01-0.28311153E-04
 0.48297792E-08-0.25139805E-12-0.32395033E+05-0.56202255E+02



 Low temperature


     Input value
     ------------


 No.Points =   15    Gas constant=      1.9871     Enthalpy of formation=   -45.2814



 Cpo at To=       125.518     H-H298 at To=     66790.211     Sto at To=       224.953






     TEMP.          H-H298          Pred/Correct          Sto          Pred/Correct          Cpo          Pred/Correct
     -----          ------          ------------          ---          ------------          ---          ------------

        300.0         97.3722             0.9677          119.1204           0.9999           52.7698           0.9984
        350.0       2922.1829             1.0000          127.8145           0.9999           60.2459           1.0022
        400.0       6121.2813             1.0010          136.3471           1.0001           67.6851           1.0012
        450.0       9685.4521             1.0007          144.7348           1.0001           74.8145           0.9996
        500.0      13595.1064             1.0003          152.9671           1.0000           81.4898           0.9990
        500.0      13595.1064             1.0003          152.9671           1.0000           81.4898           0.9990
        550.0      17826.0469             1.0000          161.0275           1.0000           87.6638           0.9992
        600.0      22353.2715             0.9999          168.9023           1.0000           93.3456           0.9999
        650.0      27152.9824             1.0000          176.5831           1.0000           98.5699           1.0005
        700.0      32203.3457             1.0001          184.0664           1.0000          103.3790           1.0009
        750.0      37484.6602             1.0002          191.3521           1.0000          107.8145           1.0009
        800.0      42979.1914             1.0003          198.4428           1.0001          111.9134           1.0004
        850.0      48670.9297             1.0002          205.3428           1.0001          115.7076           0.9998
        900.0      54545.3359             1.0002          212.0573           1.0000          119.2245           0.9992
        950.0      60589.1484             1.0001          218.5920           1.0000          122.4876           0.9991
     -----------------------------------------------------------------------------------------------------------------




     Least square coefficients
     -------------------------
     A(1)=  0.23418250E+01

     A(2)=  0.75675771E-01

     A(3)=  0.42509248E-04

     A(4)= -0.10009549E-06

     A(5)=  0.42733320E-10

     A6=-0.27048285E+05

     A7= 0.22778429E+02

     Lambdao= 0.60111523E-01

     Lambda1=-0.62000081E-01

     Lambda2=-0.17145563E-01


     -----------------------------------------------------------------------------------------------------------------
     NER= 1
     -----------------------------------------------------------------------------------------------------------------
1
      300. K to      950. K
 0.23418250E+01 0.75675771E-01 0.42509248E-04-0.10009549E-06 0.42733320E-10
-0.27048285E+05 0.22778429E+02
                               0.23418250E+01 0.75675771E-01 0.42509248E-04
-0.10009549E-06 0.42733320E-10-0.27048285E+05 0.22778429E+02
