 C9H19O2          Molecular weight =159.249

 Heat of formation at 298K =  -39.419 (kcal/mol)

 B =   0.032 cm?1     Symmetric number =  1

 Internal rotation
 ===================================================
  No      Br       sigma    dim      Vr(kcal/mol)
 ===================================================


 Vibrational Frequencies (cm^-1)
 -------------------------------
         21.
         41.
         59.
         92.
         93.
        123.
        150.
        153.
        186.
        229.
        239.
        246.
        255.
        281.
        331.
        344.
        385.
        400.
        425.
        452.
        572.
        591.
        764.
        812.
        824.
        855.
        883.
        931.
        940.
        953.
        965.
        976.
        987.
       1008.
       1019.
       1036.
       1067.
       1131.
       1154.
       1188.
       1195.
       1257.
       1275.
       1293.
       1317.
       1334.
       1348.
       1356.
       1373.
       1386.
       1391.
       1396.
       1403.
       1413.
       1422.
       1468.
       1472.
       1477.
       1482.
       1488.
       1491.
       1498.
       1501.
       1507.
       1515.
       2926.
       2936.
       3000.
       3010.
       3011.
       3015.
       3022.
       3025.
       3036.
       3041.
       3056.
       3065.
       3069.
       3071.
       3072.
       3081.
       3085.
       3091.
       3780.
 -------------------------------


1
   T(K)       Cp(cal/mol/K)   S(cal/mol/K)  [H(T)-H(298K)](kcal/mol)
 -----------------------------------------------------------------
   50.00          0.000          0.000            -9.714
  100.00         27.861         80.533            -8.330
  200.00         42.176        104.504            -4.790
  298.15         55.696        123.810             0.000
  300.00         55.965        124.156             0.103
  350.00         63.297        133.333             3.085
  400.00         70.531        142.260             6.431
  450.00         77.430        150.969            10.132
  500.00         83.871        159.465            14.167
  500.00         83.871        159.465            14.167
  550.00         89.818        167.742            18.511
  600.00         95.286        175.795            23.140
  650.00        100.314        183.623            28.032
  700.00        104.943        191.229            33.165
  750.00        109.216        198.617            38.521
  800.00        113.168        205.793            44.081
  850.00        116.830        212.765            49.833
  900.00        120.229        219.541            55.760
  950.00        123.386        226.127            61.851
 1000.00        126.322        232.531            68.095
 1100.00        131.595        244.824            80.997
 1200.00        136.168        256.475            94.391
 1300.00        140.140        267.535           108.211
 1400.00        143.598        278.050           122.401
 1500.00        146.614        288.062           136.915
 1600.00        149.253        297.611           151.712
 1700.00        151.567        306.730           166.755
 1800.00        153.604        315.452           182.016
 1900.00        155.403        323.806           197.468
 2000.00        156.996        331.819           213.090
 2100.00        158.411        339.514           228.861
 2200.00        159.673        346.912           244.767
 2300.00        160.802        354.036           260.792
 2400.00        161.815        360.901           276.923
 2500.00        162.726        367.525           293.151
 2600.00        163.549        373.924           309.466
 2700.00        164.294        380.111           325.858
 2800.00        164.969        386.098           342.322
 2900.00        165.584        391.898           358.850
 3000.00        166.145        397.521           375.437
 -----------------------------------------------------------------
1
 High temperature

     Input value
     ------------


 No.Points =   20    Gas constant=      1.9871     Enthalpy of formation=   -39.4192



 Cpo at To=       126.322     H-H298 at To=     68094.977     Sto at To=       232.531






     TEMP.          H-H298          Pred/Correct          Sto          Pred/Correct          Cpo          Pred/Correct
     -----          ------          ------------          ---          ------------          ---          ------------

       1100.0      80997.1016             0.9999          244.8241           1.0000          131.5949           0.9985
       1200.0      94390.6250             0.9996          256.4751           0.9999          136.1677           0.9982
       1300.0     108210.6406             0.9995          267.5349           0.9998          140.1400           0.9985
       1400.0     122401.4844             0.9994          278.0498           0.9998          143.5976           0.9991
       1500.0     136915.4531             0.9994          288.0622           0.9998          146.6140           0.9998
       1600.0     151711.6875             0.9995          297.6106           0.9998          149.2525           1.0005
       1700.0     166755.1875             0.9996          306.7299           0.9998          151.5673           1.0009
       1800.0     182015.9219             0.9997          315.4522           0.9998          153.6043           1.0012
       1900.0     197468.0938             0.9998          323.8063           0.9999          155.4027           1.0013
       2000.0     213089.5938             0.9999          331.8187           0.9999          156.9957           1.0012
       2100.0     228861.3281             1.0000          339.5135           0.9999          158.4113           1.0009
       2200.0     244766.7500             1.0001          346.9125           1.0000          159.6734           1.0005
       2300.0     260791.5625             1.0001          354.0356           1.0000          160.8022           1.0001
       2400.0     276923.3125             1.0001          360.9011           1.0000          161.8150           0.9996
       2500.0     293151.1875             1.0000          367.5255           0.9999          162.7264           0.9993
       2600.0     309465.6563             1.0000          373.9240           0.9999          163.5490           0.9991
       2700.0     325858.3750             0.9999          380.1106           0.9999          164.2935           0.9991
       2800.0     342322.0313             0.9999          386.0980           0.9999          164.9692           0.9994
       2900.0     358850.1875             0.9999          391.8979           0.9999          165.5839           1.0001
       3000.0     375437.0625             0.9999          397.5210           0.9999          166.1447           1.0013
     -----------------------------------------------------------------------------------------------------------------




     Least square coefficients
     -------------------------
     A(1)=  0.17024050E+02

     A(2)=  0.70759825E-01

     A(3)= -0.29237446E-04

     A(4)=  0.53573466E-08

     A(5)= -0.33455199E-12

     A6=-0.29499951E+05

     A7=-0.58423851E+02

     Lambdao= 0.35346568E+00

     Lambda1= 0.11877353E+00

     Lambda2= 0.36238372E+00


     -----------------------------------------------------------------------------------------------------------------
     NER= 1
     -----------------------------------------------------------------------------------------------------------------
1
     1100. K to     3000. K
 0.17024050E+02 0.70759825E-01-0.29237446E-04 0.53573466E-08-0.33455199E-12
-0.29499951E+05-0.58423851E+02
                               0.17024050E+02 0.70759825E-01-0.29237446E-04
 0.53573466E-08-0.33455199E-12-0.29499951E+05-0.58423851E+02



 Low temperature


     Input value
     ------------


 No.Points =   15    Gas constant=      1.9871     Enthalpy of formation=   -39.4192



 Cpo at To=       126.322     H-H298 at To=     68094.977     Sto at To=       232.531






     TEMP.          H-H298          Pred/Correct          Sto          Pred/Correct          Cpo          Pred/Correct
     -----          ------          ------------          ---          ------------          ---          ------------

        300.0        103.2871             0.9658          124.1558           0.9999           55.9651           0.9983
        350.0       3084.5869             0.9996          133.3327           0.9999           63.2966           1.0020
        400.0       6431.2739             1.0007          142.2597           1.0000           70.5312           1.0012
        450.0      10132.0459             1.0006          150.9694           1.0001           77.4302           0.9998
        500.0      14166.6064             1.0003          159.4651           1.0000           83.8708           0.9992
        500.0      14166.6064             1.0003          159.4651           1.0000           83.8708           0.9992
        550.0      18510.8711             1.0000          167.7417           1.0000           89.8178           0.9993
        600.0      23140.4023             0.9999          175.7947           1.0000           95.2864           0.9998
        650.0      28032.1621             0.9999          183.6230           1.0000          100.3139           1.0004
        700.0      33165.1680             1.0000          191.2288           1.0000          104.9435           1.0007
        750.0      38520.5625             1.0001          198.6168           1.0000          109.2161           1.0007
        800.0      44081.4336             1.0002          205.7932           1.0000          113.1681           1.0004
        850.0      49832.5430             1.0002          212.7653           1.0000          116.8302           0.9999
        900.0      55760.0625             1.0001          219.5405           1.0000          120.2287           0.9994
        950.0      61851.3984             1.0000          226.1266           1.0000          123.3860           0.9993
     -----------------------------------------------------------------------------------------------------------------




     Least square coefficients
     -------------------------
     A(1)=  0.30630996E+01

     A(2)=  0.84649988E-01

     A(3)=  0.14635151E-04

     A(4)= -0.71235966E-07

     A(5)=  0.32456954E-10

     A6=-0.24518250E+05

     A7= 0.19521742E+02

     Lambdao= 0.45415103E-01

     Lambda1=-0.44451714E-01

     Lambda2=-0.12848686E-01


     -----------------------------------------------------------------------------------------------------------------
     NER= 1
     -----------------------------------------------------------------------------------------------------------------
1
      300. K to      950. K
 0.30630996E+01 0.84649988E-01 0.14635151E-04-0.71235966E-07 0.32456954E-10
-0.24518250E+05 0.19521742E+02
                               0.30630996E+01 0.84649988E-01 0.14635151E-04
-0.71235966E-07 0.32456954E-10-0.24518250E+05 0.19521742E+02
