 C9H19O2          Molecular weight =159.249

 Heat of formation at 298K =  -49.590 (kcal/mol)

 B =   0.029 cm?1     Symmetric number =  1

 Internal rotation
 ===================================================
  No      Br       sigma    dim      Vr(kcal/mol)
 ===================================================


 Vibrational Frequencies (cm^-1)
 -------------------------------
         25.
         39.
         52.
         70.
         96.
        126.
        200.
        217.
        229.
        235.
        241.
        258.
        307.
        317.
        378.
        400.
        414.
        446.
        476.
        481.
        569.
        742.
        815.
        850.
        861.
        930.
        935.
        938.
        947.
        964.
        968.
        995.
       1033.
       1056.
       1108.
       1136.
       1144.
       1183.
       1191.
       1194.
       1204.
       1241.
       1278.
       1314.
       1324.
       1338.
       1348.
       1369.
       1373.
       1388.
       1400.
       1403.
       1408.
       1423.
       1426.
       1476.
       1489.
       1491.
       1494.
       1498.
       1501.
       1507.
       1508.
       1514.
       1517.
       2987.
       3003.
       3010.
       3014.
       3020.
       3022.
       3024.
       3030.
       3058.
       3065.
       3074.
       3081.
       3083.
       3085.
       3088.
       3090.
       3092.
       3106.
       3120.
 -------------------------------


1
   T(K)       Cp(cal/mol/K)   S(cal/mol/K)  [H(T)-H(298K)](kcal/mol)
 -----------------------------------------------------------------
   50.00          0.000          0.000            -9.219
  100.00         25.907         79.824            -7.908
  200.00         40.032        102.336            -4.579
  298.15         53.568        120.786             0.000
  300.00         53.839        121.118             0.099
  350.00         61.238        129.971             2.976
  400.00         68.577        138.630             6.222
  450.00         75.605        147.117             9.828
  500.00         82.183        155.427            13.775
  500.00         82.183        155.427            13.775
  550.00         88.270        163.550            18.038
  600.00         93.874        171.474            22.594
  650.00         99.030        179.194            27.418
  700.00        103.779        186.709            32.490
  750.00        108.162        194.021            37.790
  800.00        112.216        201.133            43.301
  850.00        115.971        208.050            49.007
  900.00        119.453        214.778            54.893
  950.00        122.687        221.324            60.948
 1000.00        125.691        227.695            67.158
 1100.00        131.083        239.934            80.004
 1200.00        135.751        251.544            93.351
 1300.00        139.799        262.574           107.133
 1400.00        143.318        273.066           121.293
 1500.00        146.384        283.061           135.782
 1600.00        149.062        292.595           150.557
 1700.00        151.409        301.704           165.583
 1800.00        153.472        310.418           180.829
 1900.00        155.292        318.766           196.269
 2000.00        156.902        326.773           211.881
 2100.00        158.332        334.464           227.644
 2200.00        159.606        341.859           243.542
 2300.00        160.744        348.979           259.560
 2400.00        161.765        355.843           275.687
 2500.00        162.684        362.465           291.910
 2600.00        163.512        368.862           308.220
 2700.00        164.261        375.047           324.610
 2800.00        164.941        381.034           341.070
 2900.00        165.559        386.833           357.596
 3000.00        166.123        392.455           374.180
 -----------------------------------------------------------------
1
 High temperature

     Input value
     ------------


 No.Points =   20    Gas constant=      1.9871     Enthalpy of formation=   -49.5905



 Cpo at To=       125.691     H-H298 at To=     67158.328     Sto at To=       227.695






     TEMP.          H-H298          Pred/Correct          Sto          Pred/Correct          Cpo          Pred/Correct
     -----          ------          ------------          ---          ------------          ---          ------------

       1100.0      80003.5391             0.9998          239.9335           0.9999          131.0827           0.9982
       1200.0      93350.7734             0.9995          251.5442           0.9998          135.7506           0.9977
       1300.0     107133.0391             0.9993          262.5737           0.9998          139.7993           0.9981
       1400.0     121292.9922             0.9992          273.0658           0.9997          143.3183           0.9988
       1500.0     135781.5938             0.9992          283.0607           0.9997          146.3840           0.9997
       1600.0     150556.8750             0.9993          292.5955           0.9997          149.0622           1.0005
       1700.0     165583.0000             0.9994          301.7043           0.9997          151.4091           1.0011
       1800.0     180829.2656             0.9996          310.4182           0.9998          153.4721           1.0015
       1900.0     196269.3281             0.9998          318.7658           0.9998          155.2917           1.0016
       2000.0     211880.6250             0.9999          326.7730           0.9999          156.9020           1.0015
       2100.0     227643.7031             1.0000          334.4636           0.9999          158.3319           1.0012
       2200.0     243541.7969             1.0001          341.8591           0.9999          159.6058           1.0007
       2300.0     259560.3594             1.0001          348.9795           0.9999          160.7444           1.0001
       2400.0     275686.7500             1.0001          355.8427           0.9999          161.7653           0.9996
       2500.0     291910.0000             1.0000          362.4652           0.9999          162.6836           0.9991
       2600.0     308220.4688             1.0000          368.8622           0.9999          163.5119           0.9988
       2700.0     324609.7500             0.9999          375.0474           0.9999          164.2613           0.9988
       2800.0     341070.4063             0.9999          381.0337           0.9999          164.9411           0.9992
       2900.0     357595.9063             0.9999          386.8327           0.9999          165.5593           1.0001
       3000.0     374180.4375             0.9999          392.4550           0.9999          166.1231           1.0016
     -----------------------------------------------------------------------------------------------------------------




     Least square coefficients
     -------------------------
     A(1)=  0.17153368E+02

     A(2)=  0.68804525E-01

     A(3)= -0.26890642E-04

     A(4)=  0.43850426E-08

     A(5)= -0.20015712E-12

     A6=-0.34807602E+05

     A7=-0.60678490E+02

     Lambdao= 0.45248070E+00

     Lambda1= 0.15009426E+00

     Lambda2= 0.45781940E+00


     -----------------------------------------------------------------------------------------------------------------
     NER= 1
     -----------------------------------------------------------------------------------------------------------------
1
     1100. K to     3000. K
 0.17153368E+02 0.68804525E-01-0.26890642E-04 0.43850426E-08-0.20015712E-12
-0.34807602E+05-0.60678490E+02
                               0.17153368E+02 0.68804525E-01-0.26890642E-04
 0.43850426E-08-0.20015712E-12-0.34807602E+05-0.60678490E+02



 Low temperature


     Input value
     ------------


 No.Points =   15    Gas constant=      1.9871     Enthalpy of formation=   -49.5905



 Cpo at To=       125.691     H-H298 at To=     67158.328     Sto at To=       227.695






     TEMP.          H-H298          Pred/Correct          Sto          Pred/Correct          Cpo          Pred/Correct
     -----          ------          ------------          ---          ------------          ---          ------------

        300.0         99.3526             0.9630          121.1179           0.9999           53.8391           0.9980
        350.0       2975.8491             0.9995          129.9715           0.9999           61.2378           1.0021
        400.0       6222.0933             1.0008          138.6301           1.0000           68.5774           1.0013
        450.0       9828.3125             1.0007          147.1170           1.0001           75.6046           0.9999
        500.0      13775.0264             1.0003          155.4275           1.0000           82.1834           0.9991
        500.0      13775.0264             1.0003          155.4275           1.0000           82.1834           0.9991
        550.0      18038.4238             1.0000          163.5498           1.0000           88.2700           0.9992
        600.0      22593.9746             0.9999          171.4739           1.0000           93.8740           0.9998
        650.0      27418.3496             1.0000          179.1943           1.0000           99.0298           1.0004
        700.0      32490.1777             1.0000          186.7094           1.0000          103.7790           1.0007
        750.0      37790.1563             1.0002          194.0209           1.0000          108.1623           1.0007
        800.0      43300.9141             1.0002          201.1326           1.0000          112.2158           1.0004
        850.0      49006.7617             1.0002          208.0497           1.0001          115.9706           0.9999
        900.0      54893.4453             1.0001          214.7782           1.0000          119.4534           0.9994
        950.0      60947.9492             1.0000          221.3245           1.0000          122.6870           0.9993
     -----------------------------------------------------------------------------------------------------------------




     Least square coefficients
     -------------------------
     A(1)=  0.23262129E+01

     A(2)=  0.80912299E-01

     A(3)=  0.26426318E-04

     A(4)= -0.82669310E-07

     A(5)=  0.36256616E-10

     A6=-0.29334398E+05

     A7= 0.22881556E+02

     Lambdao= 0.48145205E-01

     Lambda1=-0.47365651E-01

     Lambda2=-0.13837494E-01


     -----------------------------------------------------------------------------------------------------------------
     NER= 1
     -----------------------------------------------------------------------------------------------------------------
1
      300. K to      950. K
 0.23262129E+01 0.80912299E-01 0.26426318E-04-0.82669310E-07 0.36256616E-10
-0.29334398E+05 0.22881556E+02
                               0.23262129E+01 0.80912299E-01 0.26426318E-04
-0.82669310E-07 0.36256616E-10-0.29334398E+05 0.22881556E+02
