 C9H18O           Molecular weight =159.249

 Heat of formation at 298K =  -87.799 (kcal/mol)

 B =   0.044 cm?1     Symmetric number =  1

 Internal rotation
 ===================================================
  No      Br       sigma    dim      Vr(kcal/mol)
 ===================================================


 Vibrational Frequencies (cm^-1)
 -------------------------------
         38.
         76.
        129.
        182.
        220.
        221.
        240.
        252.
        291.
        303.
        353.
        357.
        377.
        445.
        458.
        486.
        600.
        696.
        753.
        800.
        863.
        892.
        913.
        922.
        936.
        954.
        966.
        975.
       1001.
       1021.
       1042.
       1060.
       1112.
       1145.
       1170.
       1189.
       1206.
       1245.
       1262.
       1265.
       1319.
       1321.
       1336.
       1346.
       1359.
       1397.
       1400.
       1405.
       1416.
       1422.
       1478.
       1488.
       1491.
       1493.
       1496.
       1500.
       1507.
       1509.
       1515.
       1516.
       2952.
       3000.
       3017.
       3022.
       3027.
       3033.
       3045.
       3055.
       3074.
       3079.
       3082.
       3090.
       3092.
       3097.
       3099.
       3104.
       3107.
       3122.
 -------------------------------


1
   T(K)       Cp(cal/mol/K)   S(cal/mol/K)  [H(T)-H(298K)](kcal/mol)
 -----------------------------------------------------------------
   50.00          0.000          0.000            -7.524
  100.00         20.035         70.303            -6.614
  200.00         33.401         88.444            -3.921
  298.15         46.787        104.217             0.000
  300.00         47.054        104.507             0.087
  350.00         54.332        112.306             2.621
  400.00         61.502        120.032             5.518
  450.00         68.324        127.674             8.766
  500.00         74.681        135.206            12.343
  500.00         74.681        135.206            12.343
  550.00         80.539        142.602            16.225
  600.00         85.916        149.844            20.389
  650.00         90.850        156.919            24.810
  700.00         95.387        163.820            29.467
  750.00         99.568        170.545            34.342
  800.00        103.430        177.096            39.418
  850.00        107.004        183.475            44.680
  900.00        110.316        189.686            50.115
  950.00        113.390        195.734            55.708
 1000.00        116.245        201.624            61.450
 1100.00        121.366        212.949            73.337
 1200.00        125.799        223.704            85.700
 1300.00        129.642        233.929            98.477
 1400.00        132.983        243.662           111.612
 1500.00        135.893        252.938           125.059
 1600.00        138.436        261.791           138.778
 1700.00        140.664        270.252           152.736
 1800.00        142.623        278.349           166.902
 1900.00        144.350        286.107           181.253
 2000.00        145.879        293.551           195.766
 2100.00        147.237        300.702           210.423
 2200.00        148.447        307.580           225.208
 2300.00        149.528        314.203           240.108
 2400.00        150.497        320.588           255.110
 2500.00        151.370        326.749           270.204
 2600.00        152.156        332.702           285.381
 2700.00        152.868        338.458           300.633
 2800.00        153.514        344.029           315.952
 2900.00        154.101        349.427           331.333
 3000.00        154.637        354.660           346.771
 -----------------------------------------------------------------
1
 High temperature

     Input value
     ------------


 No.Points =   20    Gas constant=      1.9871     Enthalpy of formation=   -87.7986



 Cpo at To=       116.245     H-H298 at To=     61449.895     Sto at To=       201.624






     TEMP.          H-H298          Pred/Correct          Sto          Pred/Correct          Cpo          Pred/Correct
     -----          ------          ------------          ---          ------------          ---          ------------

       1100.0      73336.6719             0.9998          212.9493           0.9999          121.3662           0.9981
       1200.0      85700.2031             0.9995          223.7042           0.9998          125.7986           0.9977
       1300.0      98476.8047             0.9993          233.9289           0.9998          129.6425           0.9981
       1400.0     111611.9453             0.9992          243.6615           0.9997          132.9830           0.9988
       1500.0     125059.0703             0.9992          252.9380           0.9997          135.8933           0.9997
       1600.0     138778.3594             0.9993          261.7913           0.9997          138.4358           1.0005
       1700.0     152735.7656             0.9995          270.2522           0.9997          140.6638           1.0012
       1800.0     166902.1563             0.9996          278.3490           0.9998          142.6225           1.0015
       1900.0     181252.5625             0.9998          286.1075           0.9998          144.3501           1.0017
       2000.0     195765.5781             0.9999          293.5513           0.9999          145.8791           1.0015
       2100.0     210422.6875             1.0000          300.7023           0.9999          147.2369           1.0012
       2200.0     225208.0156             1.0001          307.5802           0.9999          148.4466           1.0007
       2300.0     240107.7344             1.0001          314.2032           0.9999          149.5278           1.0001
       2400.0     255109.8594             1.0001          320.5879           0.9999          150.4974           0.9996
       2500.0     270203.9688             1.0000          326.7495           0.9999          151.3695           0.9991
       2600.0     285380.9063             1.0000          332.7019           0.9999          152.1562           0.9988
       2700.0     300632.7188             0.9999          338.4579           0.9999          152.8680           0.9988
       2800.0     315952.3125             0.9999          344.0292           0.9999          153.5137           0.9992
       2900.0     331333.5000             0.9999          349.4266           0.9999          154.1010           1.0002
       3000.0     346770.7813             0.9999          354.6600           0.9999          154.6365           1.0017
     -----------------------------------------------------------------------------------------------------------------




     Least square coefficients
     -------------------------
     A(1)=  0.14617514E+02

     A(2)=  0.65568805E-01

     A(3)= -0.25709143E-04

     A(4)=  0.42170689E-08

     A(5)= -0.19571747E-12

     A6=-0.53106855E+05

     A7=-0.53581322E+02

     Lambdao= 0.41122985E+00

     Lambda1= 0.13807173E+00

     Lambda2= 0.42118517E+00


     -----------------------------------------------------------------------------------------------------------------
     NER= 1
     -----------------------------------------------------------------------------------------------------------------
1
     1100. K to     3000. K
 0.14617514E+02 0.65568805E-01-0.25709143E-04 0.42170689E-08-0.19571747E-12
-0.53106855E+05-0.53581322E+02
                               0.14617514E+02 0.65568805E-01-0.25709143E-04
 0.42170689E-08-0.19571747E-12-0.53106855E+05-0.53581322E+02



 Low temperature


     Input value
     ------------


 No.Points =   15    Gas constant=      1.9871     Enthalpy of formation=   -87.7986



 Cpo at To=       116.245     H-H298 at To=     61449.895     Sto at To=       201.624






     TEMP.          H-H298          Pred/Correct          Sto          Pred/Correct          Cpo          Pred/Correct
     -----          ------          ------------          ---          ------------          ---          ------------

        300.0         86.8032             0.9472          104.5068           0.9998           47.0540           0.9973
        350.0       2621.2588             0.9990          112.3062           0.9999           54.3322           1.0024
        400.0       5518.1499             1.0007          120.0320           1.0000           61.5017           1.0017
        450.0       8765.5801             1.0008          127.6740           1.0001           68.3245           1.0000
        500.0      12342.7744             1.0004          135.2060           1.0001           74.6808           0.9991
        500.0      12342.7744             1.0004          135.2060           1.0001           74.6808           0.9991
        550.0      16225.3281             1.0001          142.6025           1.0000           80.5387           0.9991
        600.0      20388.6191             0.9999          149.8442           1.0000           85.9156           0.9996
        650.0      24809.5137             0.9999          156.9187           1.0000           90.8502           1.0002
        700.0      29467.0137             1.0000          163.8198           1.0000           95.3871           1.0006
        750.0      34342.2930             1.0001          170.5454           1.0000           99.5680           1.0007
        800.0      39418.4961             1.0002          177.0962           1.0000          103.4297           1.0004
        850.0      44680.4727             1.0002          183.4752           1.0000          107.0037           0.9999
        900.0      50114.5117             1.0001          189.6864           1.0000          110.3163           0.9995
        950.0      55708.1289             1.0000          195.7342           1.0000          113.3903           0.9994
     -----------------------------------------------------------------------------------------------------------------




     Least square coefficients
     -------------------------
     A(1)= -0.21744215E+01

     A(2)=  0.90680808E-01

     A(3)= -0.15562060E-05

     A(4)= -0.55182102E-07

     A(5)=  0.26730455E-10

     A6=-0.47457359E+05

     A7= 0.38292969E+02

     Lambdao= 0.31412788E-01

     Lambda1=-0.26370525E-01

     Lambda2=-0.85172709E-02


     -----------------------------------------------------------------------------------------------------------------
     NER= 1
     -----------------------------------------------------------------------------------------------------------------
1
      300. K to      950. K
-0.21744215E+01 0.90680808E-01-0.15562060E-05-0.55182102E-07 0.26730455E-10
-0.47457359E+05 0.38292969E+02
                              -0.21744215E+01 0.90680808E-01-0.15562060E-05
-0.55182102E-07 0.26730455E-10-0.47457359E+05 0.38292969E+02
