 C9H19O2          Molecular weight =159.249

 Heat of formation at 298K =  -31.932 (kcal/mol)

 B =   0.030 cm?1     Symmetric number =  1

 Internal rotation
 ===================================================
  No      Br       sigma    dim      Vr(kcal/mol)
 ===================================================


 Vibrational Frequencies (cm^-1)
 -------------------------------
         25.
         38.
         56.
         88.
        119.
        144.
        183.
        209.
        224.
        229.
        247.
        258.
        280.
        305.
        315.
        381.
        411.
        417.
        425.
        462.
        497.
        552.
        600.
        751.
        814.
        850.
        891.
        925.
        928.
        935.
        944.
        960.
        966.
       1022.
       1032.
       1051.
       1056.
       1118.
       1143.
       1163.
       1182.
       1191.
       1238.
       1271.
       1306.
       1325.
       1333.
       1354.
       1362.
       1366.
       1375.
       1393.
       1400.
       1403.
       1410.
       1423.
       1463.
       1476.
       1489.
       1494.
       1496.
       1502.
       1506.
       1507.
       1514.
       2986.
       3000.
       3013.
       3013.
       3018.
       3019.
       3027.
       3037.
       3062.
       3072.
       3079.
       3083.
       3087.
       3090.
       3094.
       3105.
       3125.
       3229.
       3644.
 -------------------------------


1
   T(K)       Cp(cal/mol/K)   S(cal/mol/K)  [H(T)-H(298K)](kcal/mol)
 -----------------------------------------------------------------
   50.00          0.000          0.000            -9.554
  100.00         26.390         79.057            -8.265
  200.00         41.981        102.405            -4.808
  298.15         56.150        121.775             0.000
  300.00         56.426        122.124             0.104
  350.00         63.889        131.382             3.112
  400.00         71.181        140.393             6.490
  450.00         78.089        149.180            10.224
  500.00         84.506        157.744            14.291
  500.00         84.506        157.744            14.291
  550.00         90.411        166.080            18.666
  600.00         95.827        174.182            23.324
  650.00        100.797        182.051            28.241
  700.00        105.368        189.691            33.397
  750.00        109.585        197.106            38.772
  800.00        113.485        204.305            44.350
  850.00        117.099        211.294            50.116
  900.00        120.455        218.084            56.056
  950.00        123.574        224.681            62.157
 1000.00        126.477        231.094            68.409
 1100.00        131.696        243.399            81.324
 1200.00        136.230        255.058            94.726
 1300.00        140.173        266.121           108.550
 1400.00        143.610        276.638           122.744
 1500.00        146.612        286.650           137.258
 1600.00        149.240        296.198           152.053
 1700.00        151.547        305.317           167.095
 1800.00        153.580        314.038           182.354
 1900.00        155.375        322.390           197.803
 2000.00        156.966        330.401           213.422
 2100.00        158.381        338.095           229.191
 2200.00        159.643        345.492           245.093
 2300.00        160.771        352.614           261.115
 2400.00        161.785        359.478           277.243
 2500.00        162.697        366.101           293.468
 2600.00        163.520        372.499           309.780
 2700.00        164.265        378.684           326.170
 2800.00        164.942        384.670           342.631
 2900.00        165.558        390.469           359.156
 3000.00        166.119        396.092           375.740
 -----------------------------------------------------------------
1
 High temperature

     Input value
     ------------


 No.Points =   20    Gas constant=      1.9871     Enthalpy of formation=   -31.9317



 Cpo at To=       126.477     H-H298 at To=     68409.398     Sto at To=       231.094






     TEMP.          H-H298          Pred/Correct          Sto          Pred/Correct          Cpo          Pred/Correct
     -----          ------          ------------          ---          ------------          ---          ------------

       1100.0      81324.2344             0.9999          243.3995           1.0000          131.6964           0.9984
       1200.0      94725.8203             0.9996          255.0575           0.9999          136.2296           0.9980
       1300.0     108550.5000             0.9994          266.1211           0.9998          140.1730           0.9983
       1400.0     122743.5625             0.9993          276.6377           0.9998          143.6098           0.9990
       1500.0     137257.9688             0.9993          286.6504           0.9997          146.6115           0.9997
       1600.0     152053.4219             0.9994          296.1982           0.9998          149.2398           1.0004
       1700.0     167095.2344             0.9995          305.3166           0.9998          151.5475           1.0009
       1800.0     182353.7188             0.9997          314.0375           0.9998          153.5797           1.0013
       1900.0     197803.2813             0.9998          322.3903           0.9999          155.3751           1.0014
       2000.0     213421.9375             0.9999          330.4012           0.9999          156.9662           1.0013
       2100.0     229190.6563             1.0000          338.0945           0.9999          158.3808           1.0010
       2200.0     245093.0156             1.0000          345.4921           0.9999          159.6426           1.0006
       2300.0     261114.7500             1.0001          352.6138           1.0000          160.7715           1.0001
       2400.0     277243.4688             1.0001          359.4780           1.0000          161.7847           0.9997
       2500.0     293468.3125             1.0000          366.1012           0.9999          162.6967           0.9993
       2600.0     309779.8438             1.0000          372.4986           0.9999          163.5201           0.9990
       2700.0     326169.7500             0.9999          378.6841           0.9999          164.2655           0.9990
       2800.0     342630.6563             0.9999          384.6704           0.9999          164.9420           0.9994
       2900.0     359156.1250             0.9999          390.4694           0.9999          165.5578           1.0001
       3000.0     375740.4063             0.9999          396.0917           0.9999          166.1195           1.0013
     -----------------------------------------------------------------------------------------------------------------




     Least square coefficients
     -------------------------
     A(1)=  0.18448952E+02

     A(2)=  0.67942940E-01

     A(3)= -0.27197946E-04

     A(4)=  0.47132462E-08

     A(5)= -0.25981731E-12

     A6=-0.26124012E+05

     A7=-0.66996559E+02

     Lambdao= 0.39597443E+00

     Lambda1= 0.13039532E+00

     Lambda2= 0.39812893E+00


     -----------------------------------------------------------------------------------------------------------------
     NER= 1
     -----------------------------------------------------------------------------------------------------------------
1
     1100. K to     3000. K
 0.18448952E+02 0.67942940E-01-0.27197946E-04 0.47132462E-08-0.25981731E-12
-0.26124012E+05-0.66996559E+02
                               0.18448952E+02 0.67942940E-01-0.27197946E-04
 0.47132462E-08-0.25981731E-12-0.26124012E+05-0.66996559E+02



 Low temperature


     Input value
     ------------


 No.Points =   15    Gas constant=      1.9871     Enthalpy of formation=   -31.9317



 Cpo at To=       126.477     H-H298 at To=     68409.398     Sto at To=       231.094






     TEMP.          H-H298          Pred/Correct          Sto          Pred/Correct          Cpo          Pred/Correct
     -----          ------          ------------          ---          ------------          ---          ------------

        300.0        104.1326             0.9753          122.1235           0.9999           56.4257           0.9987
        350.0       3112.1389             1.0000          131.3825           1.0000           63.8891           1.0018
        400.0       6490.1377             1.0008          140.3930           1.0001           71.1812           1.0009
        450.0      10223.7793             1.0006          149.1802           1.0001           78.0886           0.9997
        500.0      14290.7861             1.0002          157.7443           1.0000           84.5061           0.9991
        500.0      14290.7861             1.0002          157.7443           1.0000           84.5061           0.9991
        550.0      18665.8242             1.0000          166.0796           1.0000           90.4109           0.9994
        600.0      23323.7188             0.9999          174.1819           1.0000           95.8267           0.9999
        650.0      28241.0625             1.0000          182.0512           1.0000          100.7967           1.0005
        700.0      33396.7500             1.0001          189.6907           1.0000          105.3682           1.0008
        750.0      38771.9727             1.0002          197.1061           1.0000          109.5849           1.0007
        800.0      44349.9609             1.0002          204.3046           1.0001          113.4847           1.0003
        850.0      50115.6836             1.0002          211.2944           1.0001          117.0992           0.9998
        900.0      56055.5703             1.0001          218.0838           1.0000          120.4550           0.9993
        950.0      62157.2461             1.0000          224.6810           1.0000          123.5744           0.9993
     -----------------------------------------------------------------------------------------------------------------




     Least square coefficients
     -------------------------
     A(1)=  0.22869148E+01

     A(2)=  0.90946108E-01

     A(3)=  0.25019776E-05

     A(4)= -0.62237433E-07

     A(5)=  0.30149803E-10

     A6=-0.20707777E+05

     A7= 0.21508181E+02

     Lambdao= 0.53729974E-01

     Lambda1=-0.55856198E-01

     Lambda2=-0.15388343E-01


     -----------------------------------------------------------------------------------------------------------------
     NER= 1
     -----------------------------------------------------------------------------------------------------------------
1
      300. K to      950. K
 0.22869148E+01 0.90946108E-01 0.25019776E-05-0.62237433E-07 0.30149803E-10
-0.20707777E+05 0.21508181E+02
                               0.22869148E+01 0.90946108E-01 0.25019776E-05
-0.62237433E-07 0.30149803E-10-0.20707777E+05 0.21508181E+02
