 C9H19O2          Molecular weight =159.249

 Heat of formation at 298K =  -33.733 (kcal/mol)

 B =   0.029 cm?1     Symmetric number =  1

 Internal rotation
 ===================================================
  No      Br       sigma    dim      Vr(kcal/mol)
 ===================================================


 Vibrational Frequencies (cm^-1)
 -------------------------------
         22.
         30.
         53.
         74.
        124.
        146.
        207.
        212.
        221.
        233.
        243.
        262.
        270.
        287.
        305.
        331.
        370.
        406.
        427.
        461.
        484.
        501.
        570.
        785.
        843.
        853.
        923.
        926.
        933.
        937.
        946.
        959.
        966.
       1020.
       1040.
       1091.
       1117.
       1129.
       1145.
       1164.
       1189.
       1194.
       1230.
       1259.
       1309.
       1326.
       1336.
       1353.
       1364.
       1366.
       1389.
       1394.
       1400.
       1411.
       1422.
       1425.
       1457.
       1489.
       1491.
       1491.
       1499.
       1503.
       1506.
       1510.
       1524.
       2922.
       2959.
       2999.
       3014.
       3019.
       3021.
       3025.
       3038.
       3047.
       3076.
       3081.
       3082.
       3087.
       3088.
       3090.
       3093.
       3095.
       3168.
       3774.
 -------------------------------


1
   T(K)       Cp(cal/mol/K)   S(cal/mol/K)  [H(T)-H(298K)](kcal/mol)
 -----------------------------------------------------------------
   50.00          0.000          0.000            -9.664
  100.00         26.728         80.170            -8.347
  200.00         42.466        103.862            -4.839
  298.15         56.316        123.366             0.000
  300.00         56.586        123.715             0.104
  350.00         63.932        132.990             3.117
  400.00         71.146        142.001             6.495
  450.00         78.007        150.781            10.226
  500.00         84.400        159.335            14.288
  500.00         84.400        159.335            14.288
  550.00         90.296        167.659            18.658
  600.00         95.713        175.752            23.310
  650.00        100.690        183.612            28.222
  700.00        105.271        191.244            33.372
  750.00        109.499        198.653            38.743
  800.00        113.410        205.847            44.317
  850.00        117.036        212.832            50.079
  900.00        120.402        219.618            56.016
  950.00        123.530        226.213            62.115
 1000.00        126.440        232.624            68.366
 1100.00        131.672        244.926            81.277
 1200.00        136.214        256.583            94.677
 1300.00        140.164        267.645           108.500
 1400.00        143.605        278.161           122.693
 1500.00        146.610        288.174           137.207
 1600.00        149.240        297.722           152.002
 1700.00        151.549        306.840           167.044
 1800.00        153.582        315.561           182.303
 1900.00        155.378        323.914           197.753
 2000.00        156.969        331.925           213.372
 2100.00        158.384        339.619           229.141
 2200.00        159.646        347.016           245.043
 2300.00        160.775        354.138           261.065
 2400.00        161.788        361.002           277.194
 2500.00        162.700        367.626           293.420
 2600.00        163.523        374.023           309.731
 2700.00        164.268        380.209           326.122
 2800.00        164.945        386.195           342.583
 2900.00        165.560        391.994           359.108
 3000.00        166.122        397.617           375.693
 -----------------------------------------------------------------
1
 High temperature

     Input value
     ------------


 No.Points =   20    Gas constant=      1.9871     Enthalpy of formation=   -33.7327



 Cpo at To=       126.440     H-H298 at To=     68365.516     Sto at To=       232.624






     TEMP.          H-H298          Pred/Correct          Sto          Pred/Correct          Cpo          Pred/Correct
     -----          ------          ------------          ---          ------------          ---          ------------

       1100.0      81277.3438             0.9998          244.9263           1.0000          131.6723           0.9983
       1200.0      94677.0000             0.9996          256.5826           0.9999          136.2144           0.9979
       1300.0     108500.4844             0.9994          267.6452           0.9998          140.1641           0.9982
       1400.0     122692.8750             0.9993          278.1613           0.9997          143.6052           0.9989
       1500.0     137206.9844             0.9993          288.1738           0.9997          146.6098           0.9997
       1600.0     152002.3594             0.9994          297.7216           0.9997          149.2399           1.0004
       1700.0     167044.2656             0.9995          306.8400           0.9998          151.5489           1.0010
       1800.0     182302.9375             0.9996          315.5611           0.9998          153.5819           1.0014
       1900.0     197752.7500             0.9998          323.9139           0.9999          155.3777           1.0015
       2000.0     213371.6719             0.9999          331.9250           0.9999          156.9691           1.0014
       2100.0     229140.6875             1.0000          339.6185           0.9999          158.3839           1.0011
       2200.0     245043.3281             1.0001          347.0162           0.9999          159.6456           1.0007
       2300.0     261065.4063             1.0001          354.1381           1.0000          160.7745           1.0001
       2400.0     277194.4063             1.0001          361.0024           0.9999          161.7876           0.9996
       2500.0     293419.5625             1.0000          367.6257           0.9999          162.6996           0.9992
       2600.0     309731.3750             1.0000          374.0232           0.9999          163.5228           0.9989
       2700.0     326121.5313             0.9999          380.2088           0.9999          164.2681           0.9989
       2800.0     342582.6875             0.9999          386.1953           0.9999          164.9445           0.9993
       2900.0     359108.4063             0.9999          391.9943           0.9999          165.5601           1.0001
       3000.0     375692.9063             0.9999          397.6166           0.9999          166.1217           1.0015
     -----------------------------------------------------------------------------------------------------------------




     Least square coefficients
     -------------------------
     A(1)=  0.18930655E+02

     A(2)=  0.66638708E-01

     A(3)= -0.26005669E-04

     A(4)=  0.42658432E-08

     A(5)= -0.20061435E-12

     A6=-0.27179379E+05

     A7=-0.68711853E+02

     Lambdao= 0.41787988E+00

     Lambda1= 0.13822067E+00

     Lambda2= 0.42223319E+00


     -----------------------------------------------------------------------------------------------------------------
     NER= 1
     -----------------------------------------------------------------------------------------------------------------
1
     1100. K to     3000. K
 0.18930655E+02 0.66638708E-01-0.26005669E-04 0.42658432E-08-0.20061435E-12
-0.27179379E+05-0.68711853E+02
                               0.18930655E+02 0.66638708E-01-0.26005669E-04
 0.42658432E-08-0.20061435E-12-0.27179379E+05-0.68711853E+02



 Low temperature


     Input value
     ------------


 No.Points =   15    Gas constant=      1.9871     Enthalpy of formation=   -33.7327



 Cpo at To=       126.440     H-H298 at To=     68365.516     Sto at To=       232.624






     TEMP.          H-H298          Pred/Correct          Sto          Pred/Correct          Cpo          Pred/Correct
     -----          ------          ------------          ---          ------------          ---          ------------

        300.0        104.4345             0.9587          123.7155           0.9999           56.5862           0.9978
        350.0       3117.3445             0.9992          132.9898           0.9999           63.9318           1.0020
        400.0       6495.3799             1.0006          142.0005           1.0000           71.1459           1.0014
        450.0      10225.9863             1.0006          150.7806           1.0001           78.0068           1.0001
        500.0      14288.2256             1.0003          159.3347           1.0000           84.4003           0.9993
        500.0      14288.2256             1.0003          159.3347           1.0000           84.4003           0.9993
        550.0      18657.7031             1.0001          167.6593           1.0000           90.2963           0.9993
        600.0      23309.8594             0.9999          175.7518           1.0000           95.7130           0.9997
        650.0      28221.6719             0.9999          183.6122           1.0000          100.6898           1.0002
        700.0      33372.2578             1.0000          191.2441           1.0000          105.2712           1.0005
        750.0      38742.9102             1.0001          198.6531           1.0000          109.4992           1.0006
        800.0      44316.9023             1.0001          205.8465           1.0000          113.4104           1.0003
        850.0      50079.1875             1.0001          212.8321           1.0000          117.0358           0.9999
        900.0      56016.1523             1.0001          219.6182           1.0000          120.4016           0.9996
        950.0      62115.3945             1.0000          226.2128           1.0000          123.5300           0.9995
     -----------------------------------------------------------------------------------------------------------------




     Least square coefficients
     -------------------------
     A(1)=  0.22364371E+01

     A(2)=  0.92936657E-01

     A(3)= -0.59387062E-05

     A(4)= -0.50834633E-07

     A(5)=  0.25229175E-10

     A6=-0.21633967E+05

     A7= 0.22285639E+02

     Lambdao= 0.31525075E-01

     Lambda1=-0.26994355E-01

     Lambda2=-0.87357499E-02


     -----------------------------------------------------------------------------------------------------------------
     NER= 1
     -----------------------------------------------------------------------------------------------------------------
1
      300. K to      950. K
 0.22364371E+01 0.92936657E-01-0.59387062E-05-0.50834633E-07 0.25229175E-10
-0.21633967E+05 0.22285639E+02
                               0.22364371E+01 0.92936657E-01-0.59387062E-05
-0.50834633E-07 0.25229175E-10-0.21633967E+05 0.22285639E+02
