 C9H18O           Molecular weight =159.249

 Heat of formation at 298K =  -61.869 (kcal/mol)

 B =   0.040 cm?1     Symmetric number =  1

 Internal rotation
 ===================================================
  No      Br       sigma    dim      Vr(kcal/mol)
 ===================================================


 Vibrational Frequencies (cm^-1)
 -------------------------------
         35.
         55.
         61.
        116.
        144.
        215.
        223.
        231.
        247.
        276.
        308.
        342.
        410.
        417.
        458.
        533.
        719.
        758.
        825.
        839.
        896.
        926.
        927.
        939.
        964.
        974.
        996.
       1014.
       1044.
       1058.
       1095.
       1127.
       1145.
       1149.
       1169.
       1190.
       1198.
       1233.
       1264.
       1276.
       1301.
       1318.
       1341.
       1346.
       1370.
       1378.
       1397.
       1402.
       1416.
       1417.
       1423.
       1481.
       1491.
       1496.
       1499.
       1499.
       1503.
       1506.
       1513.
       1528.
       2972.
       2987.
       2995.
       3000.
       3014.
       3016.
       3019.
       3020.
       3025.
       3038.
       3056.
       3061.
       3073.
       3079.
       3080.
       3084.
       3085.
       3095.
 -------------------------------


1
   T(K)       Cp(cal/mol/K)   S(cal/mol/K)  [H(T)-H(298K)](kcal/mol)
 -----------------------------------------------------------------
   50.00          0.000          0.000            -7.796
  100.00         22.096         74.095            -6.711
  200.00         33.723         93.113            -3.902
  298.15         46.235        108.820             0.000
  300.00         46.494        109.107             0.086
  350.00         53.624        116.807             2.588
  400.00         60.751        124.435             5.448
  450.00         67.592        131.989             8.658
  500.00         73.999        139.446            12.200
  500.00         73.999        139.446            12.200
  550.00         79.922        146.781            16.050
  600.00         85.369        153.972            20.184
  650.00         90.373        161.005            24.579
  700.00         94.977        167.873            29.215
  750.00         99.219        174.573            34.071
  800.00        103.137        181.103            39.131
  850.00        106.761        187.466            44.380
  900.00        110.118        193.664            49.803
  950.00        113.230        199.702            55.388
 1000.00        116.119        205.585            61.122
 1100.00        121.294        216.901            72.999
 1200.00        125.765        227.651            85.358
 1300.00        129.638        237.874            98.132
 1400.00        132.998        247.607           111.268
 1500.00        135.922        256.885           124.717
 1600.00        138.474        265.741           138.440
 1700.00        140.709        274.204           152.402
 1800.00        142.671        282.304           166.573
 1900.00        144.401        290.065           180.928
 2000.00        145.931        297.511           195.446
 2100.00        147.288        304.665           210.109
 2200.00        148.497        311.545           224.899
 2300.00        149.578        318.170           239.804
 2400.00        150.546        324.557           254.811
 2500.00        151.417        330.721           269.910
 2600.00        152.202        336.675           285.091
 2700.00        152.912        342.433           300.348
 2800.00        153.556        348.006           315.671
 2900.00        154.142        353.404           331.057
 3000.00        154.675        358.639           346.498
 -----------------------------------------------------------------
1
 High temperature

     Input value
     ------------


 No.Points =   20    Gas constant=      1.9871     Enthalpy of formation=   -61.8693



 Cpo at To=       116.119     H-H298 at To=     61122.219     Sto at To=       205.585






     TEMP.          H-H298          Pred/Correct          Sto          Pred/Correct          Cpo          Pred/Correct
     -----          ------          ------------          ---          ------------          ---          ------------

       1100.0      72999.1719             0.9998          216.9007           0.9999          121.2936           0.9982
       1200.0      85357.5234             0.9996          227.6510           0.9999          125.7654           0.9978
       1300.0      98132.2891             0.9993          237.8742           0.9998          129.6376           0.9982
       1400.0     111268.0078             0.9992          247.6073           0.9997          132.9982           0.9989
       1500.0     124717.3984             0.9993          256.8853           0.9997          135.9224           0.9998
       1600.0     138440.0938             0.9993          265.7408           0.9997          138.4744           1.0005
       1700.0     152401.6875             0.9995          274.2043           0.9998          140.7086           1.0011
       1800.0     166572.7656             0.9996          282.3037           0.9998          142.6711           1.0015
       1900.0     180928.1563             0.9998          290.0648           0.9998          144.4008           1.0016
       2000.0     195446.2656             0.9999          297.5114           0.9999          145.9306           1.0014
       2100.0     210108.5469             1.0000          304.6648           0.9999          147.2884           1.0011
       2200.0     224899.0000             1.0001          311.5451           0.9999          148.4975           1.0006
       2300.0     239803.7656             1.0001          318.1704           1.0000          149.5777           1.0001
       2400.0     254810.8125             1.0001          324.5572           0.9999          150.5460           0.9996
       2500.0     269909.7188             1.0000          330.7207           0.9999          151.4166           0.9991
       2600.0     285091.2813             1.0000          336.6750           0.9999          152.2018           0.9989
       2700.0     300347.5625             0.9999          342.4326           0.9999          152.9118           0.9989
       2800.0     315671.4688             0.9999          348.0055           0.9999          153.5559           0.9993
       2900.0     331056.7813             0.9999          353.4044           0.9999          154.1415           1.0002
       3000.0     346498.0313             0.9999          358.6391           0.9999          154.6755           1.0015
     -----------------------------------------------------------------------------------------------------------------




     Least square coefficients
     -------------------------
     A(1)=  0.13146779E+02

     A(2)=  0.68559825E-01

     A(3)= -0.27923907E-04

     A(4)=  0.49328963E-08

     A(5)= -0.28075396E-12

     A6=-0.39671746E+05

     A7=-0.43529648E+02

     Lambdao= 0.38883251E+00

     Lambda1= 0.13079101E+00

     Lambda2= 0.39921492E+00


     -----------------------------------------------------------------------------------------------------------------
     NER= 1
     -----------------------------------------------------------------------------------------------------------------
1
     1100. K to     3000. K
 0.13146779E+02 0.68559825E-01-0.27923907E-04 0.49328963E-08-0.28075396E-12
-0.39671746E+05-0.43529648E+02
                               0.13146779E+02 0.68559825E-01-0.27923907E-04
 0.49328963E-08-0.28075396E-12-0.39671746E+05-0.43529648E+02



 Low temperature


     Input value
     ------------


 No.Points =   15    Gas constant=      1.9871     Enthalpy of formation=   -61.8693



 Cpo at To=       116.119     H-H298 at To=     61122.219     Sto at To=       205.585






     TEMP.          H-H298          Pred/Correct          Sto          Pred/Correct          Cpo          Pred/Correct
     -----          ------          ------------          ---          ------------          ---          ------------

        300.0         85.7736             0.9605          109.1069           0.9998           46.4936           0.9980
        350.0       2587.9387             0.9998          116.8070           0.9999           53.6236           1.0026
        400.0       5448.0254             1.0011          124.4347           1.0001           60.7513           1.0014
        450.0       8658.2129             1.0008          131.9889           1.0001           67.5924           0.9996
        500.0      12199.9619             1.0003          139.4461           1.0000           73.9987           0.9989
        500.0      12199.9619             1.0003          139.4461           1.0000           73.9987           0.9989
        550.0      16049.9951             1.0000          146.7806           1.0000           79.9215           0.9991
        600.0      20184.1680             0.9999          153.9716           1.0000           85.3685           0.9998
        650.0      24579.4688             0.9999          161.0051           1.0000           90.3731           1.0006
        700.0      29214.7969             1.0001          167.8733           1.0000           94.9766           1.0010
        750.0      34071.1172             1.0002          174.5727           1.0000           99.2192           1.0009
        800.0      39131.3008             1.0003          181.1028           1.0001          103.1368           1.0005
        850.0      44379.9063             1.0003          187.4656           1.0001          106.7608           0.9998
        900.0      49802.9297             1.0002          193.6641           1.0000          110.1175           0.9992
        950.0      55387.5938             1.0001          199.7023           1.0000          113.2302           0.9991
     -----------------------------------------------------------------------------------------------------------------




     Least square coefficients
     -------------------------
     A(1)=  0.45090437E+00

     A(2)=  0.70576429E-01

     A(3)=  0.45639248E-04

     A(4)= -0.10100730E-06

     A(5)=  0.42775582E-10

     A6=-0.34631430E+05

     A7= 0.29921509E+02

     Lambdao= 0.58777541E-01

     Lambda1=-0.59591576E-01

     Lambda2=-0.16857143E-01


     -----------------------------------------------------------------------------------------------------------------
     NER= 1
     -----------------------------------------------------------------------------------------------------------------
1
      300. K to      950. K
 0.45090437E+00 0.70576429E-01 0.45639248E-04-0.10100730E-06 0.42775582E-10
-0.34631430E+05 0.29921509E+02
                               0.45090437E+00 0.70576429E-01 0.45639248E-04
-0.10100730E-06 0.42775582E-10-0.34631430E+05 0.29921509E+02
