 C9H19O2          Molecular weight =159.249

 Heat of formation at 298K =  -34.765 (kcal/mol)

 B =   0.029 cm?1     Symmetric number =  1

 Internal rotation
 ===================================================
  No      Br       sigma    dim      Vr(kcal/mol)
 ===================================================


 Vibrational Frequencies (cm^-1)
 -------------------------------
         23.
         41.
         66.
         83.
        123.
        148.
        204.
        218.
        227.
        231.
        252.
        259.
        267.
        293.
        305.
        367.
        388.
        393.
        423.
        454.
        484.
        517.
        605.
        812.
        838.
        870.
        885.
        908.
        928.
        938.
        941.
        952.
        966.
        975.
       1040.
       1093.
       1117.
       1133.
       1155.
       1184.
       1191.
       1195.
       1236.
       1256.
       1306.
       1320.
       1343.
       1348.
       1363.
       1367.
       1389.
       1400.
       1402.
       1416.
       1421.
       1429.
       1460.
       1489.
       1492.
       1495.
       1497.
       1506.
       1506.
       1510.
       1522.
       2953.
       2983.
       2998.
       3000.
       3011.
       3014.
       3019.
       3020.
       3025.
       3073.
       3080.
       3080.
       3085.
       3086.
       3088.
       3091.
       3096.
       3139.
       3775.
 -------------------------------


1
   T(K)       Cp(cal/mol/K)   S(cal/mol/K)  [H(T)-H(298K)](kcal/mol)
 -----------------------------------------------------------------
   50.00          0.000          0.000            -9.566
  100.00         26.387         78.753            -8.293
  200.00         42.184        102.216            -4.818
  298.15         56.155        121.632             0.000
  300.00         56.427        121.980             0.104
  350.00         63.813        131.233             3.110
  400.00         71.055        140.230             6.483
  450.00         77.935        149.000            10.210
  500.00         84.342        157.547            14.269
  500.00         84.342        157.547            14.269
  550.00         90.249        165.867            18.635
  600.00         95.675        173.956            23.285
  650.00        100.659        181.813            28.195
  700.00        105.248        189.443            33.345
  750.00        109.482        196.851            38.714
  800.00        113.398        204.043            44.288
  850.00        117.029        211.028            50.049
  900.00        120.399        217.814            55.986
  950.00        123.531        224.409            62.085
 1000.00        126.444        230.820            68.336
 1100.00        131.681        243.123            81.248
 1200.00        136.227        254.780            94.649
 1300.00        140.178        265.844           108.474
 1400.00        143.621        276.361           122.667
 1500.00        146.626        286.375           137.183
 1600.00        149.257        295.923           151.980
 1700.00        151.565        305.043           167.024
 1800.00        153.598        313.765           182.284
 1900.00        155.394        322.119           197.735
 2000.00        156.984        330.131           213.356
 2100.00        158.399        337.825           229.126
 2200.00        159.660        345.223           245.031
 2300.00        160.788        352.346           261.054
 2400.00        161.800        359.210           277.184
 2500.00        162.712        365.834           293.411
 2600.00        163.534        372.232           309.724
 2700.00        164.279        378.418           326.115
 2800.00        164.955        384.405           342.577
 2900.00        165.570        390.204           359.104
 3000.00        166.131        395.827           375.690
 -----------------------------------------------------------------
1
 High temperature

     Input value
     ------------


 No.Points =   20    Gas constant=      1.9871     Enthalpy of formation=   -34.7649



 Cpo at To=       126.444     H-H298 at To=     68335.516     Sto at To=       230.820






     TEMP.          H-H298          Pred/Correct          Sto          Pred/Correct          Cpo          Pred/Correct
     -----          ------          ------------          ---          ------------          ---          ------------

       1100.0      81247.9844             0.9998          243.1228           0.9999          131.6811           0.9981
       1200.0      94648.6953             0.9995          254.7801           0.9998          136.2265           0.9976
       1300.0     108473.5234             0.9993          265.8438           0.9998          140.1785           0.9980
       1400.0     122667.4141             0.9992          276.3610           0.9997          143.6209           0.9988
       1500.0     137183.1406             0.9992          286.3746           0.9997          146.6262           0.9997
       1600.0     151980.1719             0.9993          295.9235           0.9997          149.2566           1.0005
       1700.0     167023.7500             0.9994          305.0429           0.9997          151.5654           1.0012
       1800.0     182284.0625             0.9996          313.7649           0.9998          153.5982           1.0016
       1900.0     197735.4844             0.9998          322.1186           0.9998          155.3936           1.0018
       2000.0     213355.9531             0.9999          330.1305           0.9999          156.9844           1.0016
       2100.0     229126.4844             1.0000          337.8247           0.9999          158.3986           1.0013
       2200.0     245030.5781             1.0001          345.2231           0.9999          159.6597           1.0008
       2300.0     261053.9844             1.0001          352.3456           1.0000          160.7880           1.0002
       2400.0     277184.3125             1.0001          359.2104           1.0000          161.8005           0.9995
       2500.0     293410.7188             1.0000          365.8342           0.9999          162.7118           0.9990
       2600.0     309723.7188             1.0000          372.2322           0.9999          163.5345           0.9987
       2700.0     326115.0313             0.9999          378.4182           0.9999          164.2792           0.9987
       2800.0     342577.2813             0.9999          384.4051           0.9999          164.9551           0.9991
       2900.0     359104.0000             0.9999          390.2045           0.9999          165.5702           1.0002
       3000.0     375689.5000             0.9999          395.8272           0.9999          166.1313           1.0019
     -----------------------------------------------------------------------------------------------------------------




     Least square coefficients
     -------------------------
     A(1)=  0.20359886E+02

     A(2)=  0.63128486E-01

     A(3)= -0.22955253E-04

     A(4)=  0.31537828E-08

     A(5)= -0.56036203E-13

     A6=-0.28155760E+05

     A7=-0.77172943E+02

     Lambdao= 0.45241314E+00

     Lambda1= 0.15243557E+00

     Lambda2= 0.46531600E+00


     -----------------------------------------------------------------------------------------------------------------
     NER= 1
     -----------------------------------------------------------------------------------------------------------------
1
     1100. K to     3000. K
 0.20359886E+02 0.63128486E-01-0.22955253E-04 0.31537828E-08-0.56036203E-13
-0.28155760E+05-0.77172943E+02
                               0.20359886E+02 0.63128486E-01-0.22955253E-04
 0.31537828E-08-0.56036203E-13-0.28155760E+05-0.77172943E+02



 Low temperature


     Input value
     ------------


 No.Points =   15    Gas constant=      1.9871     Enthalpy of formation=   -34.7649



 Cpo at To=       126.444     H-H298 at To=     68335.516     Sto at To=       230.820






     TEMP.          H-H298          Pred/Correct          Sto          Pred/Correct          Cpo          Pred/Correct
     -----          ------          ------------          ---          ------------          ---          ------------

        300.0        104.1389             0.9589          121.9799           0.9999           56.4274           0.9979
        350.0       3110.1750             0.9992          131.2329           0.9999           63.8132           1.0020
        400.0       6483.0054             1.0006          140.2297           1.0000           71.0546           1.0014
        450.0      10209.5469             1.0006          149.0002           1.0001           77.9345           1.0000
        500.0      14268.5352             1.0003          157.5474           1.0000           84.3419           0.9993
        500.0      14268.5352             1.0003          157.5474           1.0000           84.3419           0.9993
        550.0      18635.3711             1.0001          165.8670           1.0000           90.2488           0.9993
        600.0      23285.3848             0.9999          173.9557           1.0000           95.6745           0.9997
        650.0      28195.4727             0.9999          181.8134           1.0000          100.6592           1.0002
        700.0      33344.6992             1.0000          189.4432           1.0000          105.2475           1.0005
        750.0      38714.3203             1.0001          196.8509           1.0000          109.4816           1.0006
        800.0      44287.5703             1.0001          204.0433           1.0000          113.3983           1.0003
        850.0      50049.3828             1.0001          211.0283           1.0000          117.0285           0.9999
        900.0      55986.0938             1.0001          217.8141           1.0000          120.3986           0.9996
        950.0      62085.2773             1.0000          224.4086           1.0000          123.5306           0.9995
     -----------------------------------------------------------------------------------------------------------------




     Least square coefficients
     -------------------------
     A(1)=  0.18950033E+01

     A(2)=  0.94467856E-01

     A(3)= -0.87792187E-05

     A(4)= -0.48381487E-07

     A(5)=  0.24428702E-10

     A6=-0.22099049E+05

     A7= 0.23007799E+02

     Lambdao= 0.30637696E-01

     Lambda1=-0.26098944E-01

     Lambda2=-0.84107202E-02


     -----------------------------------------------------------------------------------------------------------------
     NER= 1
     -----------------------------------------------------------------------------------------------------------------
1
      300. K to      950. K
 0.18950033E+01 0.94467856E-01-0.87792187E-05-0.48381487E-07 0.24428702E-10
-0.22099049E+05 0.23007799E+02
                               0.18950033E+01 0.94467856E-01-0.87792187E-05
-0.48381487E-07 0.24428702E-10-0.22099049E+05 0.23007799E+02
