 c8h16            Molecular weight =112.215

 Heat of formation at 298K =  -25.050 (kcal/mol)

 B =   0.076 cm?1     Symmetric number =  1

 Internal rotation
 ===================================================
  No      Br       sigma    dim      Vr(kcal/mol)
 ===================================================


 Vibrational Frequencies (cm^-1)
 -------------------------------
         45.
         59.
        102.
        132.
        208.
        214.
        227.
        248.
        281.
        305.
        395.
        411.
        457.
        536.
        761.
        783.
        838.
        906.
        928.
        944.
        963.
        981.
       1004.
       1027.
       1063.
       1068.
       1089.
       1137.
       1179.
       1190.
       1230.
       1278.
       1311.
       1329.
       1339.
       1362.
       1371.
       1388.
       1402.
       1414.
       1422.
       1478.
       1481.
       1490.
       1492.
       1494.
       1500.
       1506.
       1513.
       1737.
       2985.
       2997.
       3007.
       3009.
       3013.
       3018.
       3030.
       3051.
       3052.
       3071.
       3078.
       3083.
       3087.
       3091.
       3099.
       3113.
 -------------------------------


1
   T(K)       Cp(cal/mol/K)   S(cal/mol/K)  [H(T)-H(298K)](kcal/mol)
 -----------------------------------------------------------------
   50.00          0.000          0.000            -6.939
  100.00         20.126         68.500            -5.980
  200.00         30.141         85.682            -3.444
  298.15         40.363         99.557             0.000
  300.00         40.572         99.807             0.075
  350.00         46.352        106.493             2.247
  400.00         52.143        113.062             4.710
  450.00         57.723        119.529             7.458
  500.00         62.974        125.885            10.477
  500.00         62.974        125.885            10.477
  550.00         67.854        132.119            13.749
  600.00         72.367        138.219            17.256
  650.00         76.534        144.179            20.980
  700.00         80.387        149.993            24.904
  750.00         83.954        155.663            29.014
  800.00         87.262        161.188            33.295
  850.00         90.334        166.571            37.736
  900.00         93.189        171.816            42.325
  950.00         95.845        176.927            47.052
 1000.00         98.317        181.907            51.907
 1100.00        102.761        191.491            61.966
 1200.00        106.617        200.601            72.439
 1300.00        109.966        209.271            83.272
 1400.00        112.881        217.529            94.418
 1500.00        115.422        225.406           105.836
 1600.00        117.644        232.928           117.492
 1700.00        119.592        240.119           129.356
 1800.00        121.305        247.005           141.403
 1900.00        122.816        253.605           153.610
 2000.00        124.154        259.939           165.960
 2100.00        125.342        266.026           178.436
 2200.00        126.401        271.882           191.024
 2300.00        127.348        277.522           203.712
 2400.00        128.197        282.960           216.490
 2500.00        128.960        288.209           229.349
 2600.00        129.649        293.280           242.280
 2700.00        130.273        298.185           255.277
 2800.00        130.838        302.933           268.333
 2900.00        131.352        307.534           281.443
 3000.00        131.821        311.995           294.602
 -----------------------------------------------------------------
1
 High temperature

     Input value
     ------------


 No.Points =   20    Gas constant=      1.9871     Enthalpy of formation=   -25.0503



 Cpo at To=        98.317     H-H298 at To=     51906.703     Sto at To=       181.907






     TEMP.          H-H298          Pred/Correct          Sto          Pred/Correct          Cpo          Pred/Correct
     -----          ------          ------------          ---          ------------          ---          ------------

       1100.0      61965.9023             0.9998          191.4908           1.0000          102.7613           0.9984
       1200.0      72439.3594             0.9996          200.6014           0.9999          106.6170           0.9980
       1300.0      83272.4453             0.9994          209.2707           0.9998          109.9665           0.9983
       1400.0      94418.1719             0.9993          217.5293           0.9998          112.8810           0.9990
       1500.0     105836.2109             0.9993          225.4059           0.9997          115.4223           0.9998
       1600.0     117491.9922             0.9994          232.9276           0.9998          117.6440           1.0005
       1700.0     129355.8750             0.9995          240.1194           0.9998          119.5918           1.0010
       1800.0     141402.5313             0.9997          247.0046           0.9998          121.3048           1.0013
       1900.0     153610.1250             0.9998          253.6046           0.9999          122.8162           1.0014
       2000.0     165959.9844             0.9999          259.9389           0.9999          124.1541           1.0013
       2100.0     178435.9688             1.0000          266.0258           0.9999          125.3424           1.0010
       2200.0     191024.1563             1.0001          271.8816           0.9999          126.4013           1.0006
       2300.0     203712.4844             1.0001          277.5216           1.0000          127.3479           1.0001
       2400.0     216490.4531             1.0001          282.9597           1.0000          128.1967           0.9996
       2500.0     229348.9844             1.0000          288.2087           0.9999          128.9603           0.9992
       2600.0     242280.0469             1.0000          293.2803           0.9999          129.6492           0.9990
       2700.0     255276.6563             0.9999          298.1852           0.9999          130.2725           0.9990
       2800.0     268332.6250             0.9999          302.9333           0.9999          130.8380           0.9994
       2900.0     281442.5313             0.9999          307.5337           0.9999          131.3523           1.0001
       3000.0     294601.5938             0.9999          311.9948           0.9999          131.8214           1.0014
     -----------------------------------------------------------------------------------------------------------------




     Least square coefficients
     -------------------------
     A(1)=  0.10311077E+02

     A(2)=  0.59462909E-01

     A(3)= -0.24470259E-04

     A(4)=  0.44449950E-08

     A(5)= -0.27227263E-12

     A6=-0.19427563E+05

     A7=-0.28326256E+02

     Lambdao= 0.30572668E+00

     Lambda1= 0.10210484E+00

     Lambda2= 0.31128281E+00


     -----------------------------------------------------------------------------------------------------------------
     NER= 1
     -----------------------------------------------------------------------------------------------------------------
1
     1100. K to     3000. K
 0.10311077E+02 0.59462909E-01-0.24470259E-04 0.44449950E-08-0.27227263E-12
-0.19427563E+05-0.28326256E+02
                               0.10311077E+02 0.59462909E-01-0.24470259E-04
 0.44449950E-08-0.27227263E-12-0.19427563E+05-0.28326256E+02



 Low temperature


     Input value
     ------------


 No.Points =   15    Gas constant=      1.9871     Enthalpy of formation=   -25.0503



 Cpo at To=        98.317     H-H298 at To=     51906.703     Sto at To=       181.907






     TEMP.          H-H298          Pred/Correct          Sto          Pred/Correct          Cpo          Pred/Correct
     -----          ------          ------------          ---          ------------          ---          ------------

        300.0         74.8649             0.9524           99.8070           0.9999           40.5724           0.9975
        350.0       2247.3481             0.9992          106.4933           0.9999           46.3524           1.0024
        400.0       4710.2251             1.0008          113.0621           1.0000           52.1428           1.0016
        450.0       7458.0640             1.0008          119.5286           1.0001           57.7229           1.0000
        500.0      10476.9932             1.0004          125.8853           1.0000           62.9741           0.9991
        500.0      10476.9932             1.0004          125.8853           1.0000           62.9741           0.9991
        550.0      13749.2676             1.0001          132.1192           1.0000           67.8544           0.9991
        600.0      17256.2891             0.9999          138.2194           1.0000           72.3666           0.9997
        650.0      20980.1836             0.9999          144.1786           1.0000           76.5341           1.0003
        700.0      24904.4492             1.0000          149.9932           1.0000           80.3866           1.0007
        750.0      29014.0859             1.0001          155.6625           1.0000           83.9536           1.0007
        800.0      33295.5000             1.0002          161.1877           1.0000           87.2617           1.0004
        850.0      37736.3242             1.0002          166.5712           1.0000           90.3336           0.9999
        900.0      42325.2539             1.0001          171.8163           1.0000           93.1891           0.9994
        950.0      47051.9102             1.0000          176.9268           1.0000           95.8452           0.9993
     -----------------------------------------------------------------------------------------------------------------




     Least square coefficients
     -------------------------
     A(1)=  0.14782772E+01

     A(2)=  0.59883263E-01

     A(3)=  0.28635957E-04

     A(4)= -0.70148282E-07

     A(5)=  0.29627235E-10

     A6=-0.15838586E+05

     A7= 0.23104633E+02

     Lambdao= 0.33098213E-01

     Lambda1=-0.30388176E-01

     Lambda2=-0.92996545E-02


     -----------------------------------------------------------------------------------------------------------------
     NER= 1
     -----------------------------------------------------------------------------------------------------------------
1
      300. K to      950. K
 0.14782772E+01 0.59883263E-01 0.28635957E-04-0.70148282E-07 0.29627235E-10
-0.15838586E+05 0.23104633E+02
                               0.14782772E+01 0.59883263E-01 0.28635957E-04
-0.70148282E-07 0.29627235E-10-0.15838586E+05 0.23104633E+02
