 C8H16            Molecular weight =112.215

 Heat of formation at 298K =  -22.586 (kcal/mol)

 B =   0.076 cm?1     Symmetric number =  1

 Internal rotation
 ===================================================
  No      Br       sigma    dim      Vr(kcal/mol)
 ===================================================


 Vibrational Frequencies (cm^-1)
 -------------------------------
         54.
         60.
        103.
        128.
        147.
        228.
        251.
        280.
        287.
        401.
        405.
        459.
        470.
        658.
        746.
        812.
        850.
        927.
        933.
        944.
        952.
        966.
       1000.
       1026.
       1035.
       1050.
       1072.
       1141.
       1191.
       1195.
       1231.
       1265.
       1304.
       1320.
       1331.
       1338.
       1368.
       1375.
       1395.
       1404.
       1424.
       1453.
       1483.
       1484.
       1493.
       1498.
       1507.
       1508.
       1515.
       1708.
       2985.
       2992.
       2995.
       3007.
       3014.
       3019.
       3023.
       3039.
       3063.
       3073.
       3079.
       3084.
       3094.
       3111.
       3125.
       3206.
 -------------------------------


1
   T(K)       Cp(cal/mol/K)   S(cal/mol/K)  [H(T)-H(298K)](kcal/mol)
 -----------------------------------------------------------------
   50.00          0.000          0.000            -6.782
  100.00         19.691         68.298            -5.830
  200.00         29.282         84.967            -3.371
  298.15         39.759         98.541             0.000
  300.00         39.975         98.788             0.074
  350.00         45.894        105.393             2.220
  400.00         51.800        111.908             4.663
  450.00         57.469        118.340             7.396
  500.00         62.787        124.674            10.404
  500.00         62.787        124.674            10.404
  550.00         67.715        130.892            13.668
  600.00         72.262        136.982            17.169
  650.00         76.453        142.933            20.888
  700.00         80.321        148.743            24.809
  750.00         83.899        154.408            28.916
  800.00         87.213        159.930            33.194
  850.00         90.289        165.310            37.633
  900.00         93.147        170.553            42.220
  950.00         95.805        175.661            46.944
 1000.00         98.277        180.639            51.797
 1100.00        102.721        190.219            61.852
 1200.00        106.577        199.327            72.322
 1300.00        109.927        207.993            83.151
 1400.00        112.842        216.248            94.293
 1500.00        115.384        224.122           105.707
 1600.00        117.607        231.641           117.359
 1700.00        119.556        238.831           129.219
 1800.00        121.270        245.714           141.262
 1900.00        122.783        252.312           153.466
 2000.00        124.123        258.645           165.813
 2100.00        125.312        264.730           178.286
 2200.00        126.373        270.585           190.871
 2300.00        127.321        276.224           203.557
 2400.00        128.171        281.661           216.332
 2500.00        128.936        286.909           229.188
 2600.00        129.626        291.979           242.117
 2700.00        130.251        296.883           255.111
 2800.00        130.817        301.631           268.165
 2900.00        131.333        306.230           281.273
 3000.00        131.803        310.691           294.430
 -----------------------------------------------------------------
1
 High temperature

     Input value
     ------------


 No.Points =   20    Gas constant=      1.9871     Enthalpy of formation=   -22.5861



 Cpo at To=        98.277     H-H298 at To=     51797.121     Sto at To=       180.639






     TEMP.          H-H298          Pred/Correct          Sto          Pred/Correct          Cpo          Pred/Correct
     -----          ------          ------------          ---          ------------          ---          ------------

       1100.0      61852.3281             0.9998          190.2194           1.0000          102.7214           0.9983
       1200.0      72321.7891             0.9996          199.3266           0.9999          106.5771           0.9980
       1300.0      83150.8750             0.9994          207.9927           0.9998          109.9266           0.9983
       1400.0      94292.6406             0.9993          216.2483           0.9997          112.8416           0.9990
       1500.0     105706.7813             0.9993          224.1222           0.9997          115.3838           0.9998
       1600.0     117358.7578             0.9994          231.6415           0.9997          117.6066           1.0005
       1700.0     129218.9766             0.9995          238.8311           0.9998          119.5557           1.0010
       1800.0     141262.0938             0.9997          245.7143           0.9998          121.2702           1.0014
       1900.0     153466.3125             0.9998          252.3124           0.9999          122.7831           1.0014
       2000.0     165812.9375             0.9999          258.6451           0.9999          124.1226           1.0013
       2100.0     178285.8438             1.0000          264.7304           0.9999          125.3124           1.0010
       2200.0     190871.0938             1.0001          270.5849           0.9999          126.3728           1.0006
       2300.0     203556.6563             1.0001          276.2237           1.0000          127.3208           1.0001
       2400.0     216332.0000             1.0001          281.6607           1.0000          128.1711           0.9996
       2500.0     229188.0156             1.0000          286.9087           0.9999          128.9360           0.9992
       2600.0     242116.7188             1.0000          291.9793           0.9999          129.6261           0.9990
       2700.0     255111.0625             0.9999          296.8833           0.9999          130.2506           0.9990
       2800.0     268164.9063             0.9999          301.6306           0.9999          130.8172           0.9994
       2900.0     281272.7813             0.9999          306.2303           0.9999          131.3326           1.0001
       3000.0     294429.9063             0.9999          310.6907           0.9999          131.8026           1.0014
     -----------------------------------------------------------------------------------------------------------------




     Least square coefficients
     -------------------------
     A(1)=  0.10450235E+02

     A(2)=  0.59085242E-01

     A(3)= -0.24157271E-04

     A(4)=  0.43369113E-08

     A(5)= -0.25884357E-12

     A6=-0.18272926E+05

     A7=-0.29671539E+02

     Lambdao= 0.31238607E+00

     Lambda1= 0.10421029E+00

     Lambda2= 0.31806004E+00


     -----------------------------------------------------------------------------------------------------------------
     NER= 1
     -----------------------------------------------------------------------------------------------------------------
1
     1100. K to     3000. K
 0.10450235E+02 0.59085242E-01-0.24157271E-04 0.43369113E-08-0.25884357E-12
-0.18272926E+05-0.29671539E+02
                               0.10450235E+02 0.59085242E-01-0.24157271E-04
 0.43369113E-08-0.25884357E-12-0.18272926E+05-0.29671539E+02



 Low temperature


     Input value
     ------------


 No.Points =   15    Gas constant=      1.9871     Enthalpy of formation=   -22.5861



 Cpo at To=        98.277     H-H298 at To=     51797.121     Sto at To=       180.639






     TEMP.          H-H298          Pred/Correct          Sto          Pred/Correct          Cpo          Pred/Correct
     -----          ------          ------------          ---          ------------          ---          ------------

        300.0         73.7542             0.9502           98.7881           0.9998           39.9746           0.9974
        350.0       2219.9272             0.9992          105.3930           0.9999           45.8943           1.0025
        400.0       4662.8936             1.0008          111.9085           1.0000           51.8000           1.0016
        450.0       7395.9292             1.0008          118.3400           1.0001           57.4694           1.0000
        500.0      10403.9297             1.0004          124.6736           1.0000           62.7870           0.9991
        500.0      10403.9297             1.0004          124.6736           1.0000           62.7870           0.9991
        550.0      13668.1211             1.0001          130.8921           1.0000           67.7154           0.9991
        600.0      17169.0918             0.9999          136.9817           1.0000           72.2616           0.9997
        650.0      20888.3613             0.9999          142.9335           1.0000           76.4526           1.0003
        700.0      24808.9766             1.0000          148.7427           1.0000           80.3210           1.0007
        750.0      28915.6152             1.0001          154.4078           1.0000           83.8985           1.0007
        800.0      33194.4531             1.0002          159.9297           1.0000           87.2133           1.0004
        850.0      37632.9648             1.0002          165.3104           1.0000           90.2893           0.9999
        900.0      42219.7422             1.0001          170.5531           1.0000           93.1471           0.9994
        950.0      46944.3398             1.0000          175.6614           1.0000           95.8046           0.9993
     -----------------------------------------------------------------------------------------------------------------




     Least square coefficients
     -------------------------
     A(1)=  0.24411440E+00

     A(2)=  0.64891525E-01

     A(3)=  0.20761392E-04

     A(4)= -0.64565796E-07

     A(5)=  0.28125034E-10

     A6=-0.14393945E+05

     A7= 0.28435806E+02

     Lambdao= 0.32768093E-01

     Lambda1=-0.29636711E-01

     Lambda2=-0.91461316E-02


     -----------------------------------------------------------------------------------------------------------------
     NER= 1
     -----------------------------------------------------------------------------------------------------------------
1
      300. K to      950. K
 0.24411440E+00 0.64891525E-01 0.20761392E-04-0.64565796E-07 0.28125034E-10
-0.14393945E+05 0.28435806E+02
                               0.24411440E+00 0.64891525E-01 0.20761392E-04
-0.64565796E-07 0.28125034E-10-0.14393945E+05 0.28435806E+02
