C9H18O         N        (N for nonlinear, L for linear)
28 159.249          Number of atoms, molecular weight
-89.4847297645				Enthalpy of formation at the standard state!kcal
0.0438584444444 1    Rotational constat (cm-1), symmetry number
1         Statistical weight
0         Number of internal rotor, Br, sigma, dim, vr 
117.3583
133.8914
195.9134
238.7926
252.793
253.9451
283.5241
284.2328
311.8147
316.1738
350.2987
402.0571
410.029
457.5969
468.7275
491.7337
502.868
587.6108
695.3347
762.5899
827.3437
863.84
878.0527
922.3934
926.9139
927.5513
957.6269
975.5238
996.7673
1006.0372
1016.8183
1064.4926
1064.9843
1102.5299
1140.9381
1204.3193
1224.1559
1233.3119
1249.5612
1266.2452
1268.4248
1321.5337
1370.4452
1382.0765
1382.1375
1394.145
1399.5658
1413.2079
1418.8795
1472.2711
1478.2678
1482.5342
1487.5918
1490.2973
1494.9535
1496.9177
1502.831
1507.2988
1512.0984
1521.6898
3015.8834
3016.5761
3025.8298
3030.3422
3031.0698
3037.1219
3039.7523
3055.1709
3057.7368
3066.9258
3094.6355
3097.258
3102.5544
3104.766
3108.8492
3109.6393
3114.0657
3127.1043
