 C9H19            Molecular weight =127.250

 Heat of formation at 298K =  -11.809 (kcal/mol)

 B =   0.053 cm?1     Symmetric number =  1

 Internal rotation
 ===================================================
  No      Br       sigma    dim      Vr(kcal/mol)
 ===================================================


 Vibrational Frequencies (cm^-1)
 -------------------------------
         20.
         45.
         76.
        104.
        127.
        224.
        227.
        231.
        234.
        256.
        265.
        327.
        365.
        382.
        421.
        447.
        504.
        523.
        750.
        815.
        840.
        925.
        930.
        930.
        948.
        957.
        960.
        970.
       1036.
       1077.
       1097.
       1114.
       1134.
       1177.
       1188.
       1193.
       1225.
       1260.
       1307.
       1320.
       1330.
       1357.
       1370.
       1387.
       1395.
       1401.
       1409.
       1421.
       1426.
       1469.
       1487.
       1489.
       1491.
       1492.
       1499.
       1503.
       1507.
       1511.
       1512.
       2928.
       2977.
       2983.
       2985.
       3001.
       3013.
       3014.
       3019.
       3019.
       3039.
       3072.
       3075.
       3078.
       3081.
       3083.
       3090.
       3091.
       3091.
       3123.
 -------------------------------


1
   T(K)       Cp(cal/mol/K)   S(cal/mol/K)  [H(T)-H(298K)](kcal/mol)
 -----------------------------------------------------------------
   50.00          0.000          0.000            -8.185
  100.00         23.043         74.268            -7.047
  200.00         35.649         94.318            -4.083
  298.15         47.852        110.766             0.000
  300.00         48.099        111.062             0.089
  350.00         54.862        118.983             2.662
  400.00         61.610        126.751             5.575
  450.00         68.101        134.386             8.819
  500.00         74.203        141.880            12.378
  500.00         74.203        141.880            12.378
  550.00         79.872        149.222            16.232
  600.00         85.113        156.400            20.358
  650.00         89.955        163.406            24.737
  700.00         94.432        170.238            29.348
  750.00         98.580        176.897            34.174
  800.00        102.428        183.383            39.201
  850.00        106.004        189.702            44.413
  900.00        109.329        195.856            49.797
  950.00        112.424        201.851            55.342
 1000.00        115.305        207.692            61.036
 1100.00        120.487        218.930            72.831
 1200.00        124.986        229.611            85.110
 1300.00        128.896        239.774            97.809
 1400.00        132.299        249.453           110.873
 1500.00        135.268        258.685           124.254
 1600.00        137.863        267.499           137.914
 1700.00        140.139        275.927           151.816
 1800.00        142.141        283.995           165.933
 1900.00        143.908        291.729           180.237
 2000.00        145.471        299.151           194.707
 2100.00        146.860        306.282           209.325
 2200.00        148.098        313.143           224.074
 2300.00        149.205        319.752           238.941
 2400.00        150.197        326.123           253.912
 2500.00        151.090        332.273           268.977
 2600.00        151.895        338.215           284.127
 2700.00        152.624        343.961           299.353
 2800.00        153.285        349.524           314.649
 2900.00        153.886        354.913           330.008
 3000.00        154.435        360.140           345.425
 -----------------------------------------------------------------
1
 High temperature

     Input value
     ------------


 No.Points =   20    Gas constant=      1.9871     Enthalpy of formation=   -11.8093



 Cpo at To=       115.305     H-H298 at To=     61035.613     Sto at To=       207.692






     TEMP.          H-H298          Pred/Correct          Sto          Pred/Correct          Cpo          Pred/Correct
     -----          ------          ------------          ---          ------------          ---          ------------

       1100.0      72831.3281             0.9998          218.9301           1.0000          120.4871           0.9983
       1200.0      85110.2734             0.9996          229.6114           0.9999          124.9862           0.9979
       1300.0      97808.9297             0.9994          239.7737           0.9998          128.8962           0.9982
       1400.0     110872.6250             0.9993          249.4533           0.9997          132.2995           0.9989
       1500.0     124254.3516             0.9993          258.6846           0.9997          135.2679           0.9997
       1600.0     137913.7969             0.9994          267.4993           0.9997          137.8635           1.0005
       1700.0     151816.4063             0.9995          275.9270           0.9998          140.1394           1.0010
       1800.0     165932.5469             0.9996          283.9950           0.9998          142.1413           1.0014
       1900.0     180236.8125             0.9998          291.7285           0.9999          143.9077           1.0015
       2000.0     194707.3438             0.9999          299.1506           0.9999          145.4715           1.0014
       2100.0     209325.2969             1.0000          306.2824           0.9999          146.8605           1.0011
       2200.0     224074.3750             1.0001          313.1435           0.9999          148.0982           1.0006
       2300.0     238940.5625             1.0001          319.7516           1.0000          149.2048           1.0001
       2400.0     253911.5781             1.0001          326.1230           0.9999          150.1972           0.9996
       2500.0     268976.6875             1.0000          332.2728           0.9999          151.0899           0.9992
       2600.0     284126.6250             1.0000          338.2146           0.9999          151.8953           0.9989
       2700.0     299353.1875             0.9999          343.9611           0.9999          152.6240           0.9990
       2800.0     314649.1875             0.9999          349.5238           0.9999          153.2851           0.9993
       2900.0     330008.1875             0.9999          354.9134           0.9999          153.8865           1.0001
       3000.0     345424.6875             0.9999          360.1398           0.9999          154.4348           1.0015
     -----------------------------------------------------------------------------------------------------------------




     Least square coefficients
     -------------------------
     A(1)=  0.12892525E+02

     A(2)=  0.68033233E-01

     A(3)= -0.27425049E-04

     A(4)=  0.47928186E-08

     A(5)= -0.26842002E-12

     A6=-0.14139676E+05

     A7=-0.40392296E+02

     Lambdao= 0.37926900E+00

     Lambda1= 0.12590519E+00

     Lambda2= 0.38444668E+00


     -----------------------------------------------------------------------------------------------------------------
     NER= 1
     -----------------------------------------------------------------------------------------------------------------
1
     1100. K to     3000. K
 0.12892525E+02 0.68033233E-01-0.27425049E-04 0.47928186E-08-0.26842002E-12
-0.14139676E+05-0.40392296E+02
                               0.12892525E+02 0.68033233E-01-0.27425049E-04
 0.47928186E-08-0.26842002E-12-0.14139676E+05-0.40392296E+02



 Low temperature


     Input value
     ------------


 No.Points =   15    Gas constant=      1.9871     Enthalpy of formation=   -11.8093



 Cpo at To=       115.305     H-H298 at To=     61035.613     Sto at To=       207.692






     TEMP.          H-H298          Pred/Correct          Sto          Pred/Correct          Cpo          Pred/Correct
     -----          ------          ------------          ---          ------------          ---          ------------

        300.0         88.7547             0.9681          111.0625           0.9999           48.0989           0.9985
        350.0       2662.1987             0.9999          118.9830           0.9999           54.8620           1.0022
        400.0       5574.6543             1.0009          126.7511           1.0001           61.6100           1.0012
        450.0       8818.8457             1.0007          134.3858           1.0001           68.1006           0.9997
        500.0      12378.1943             1.0003          141.8804           1.0000           74.2028           0.9990
        500.0      12378.1943             1.0003          141.8804           1.0000           74.2028           0.9990
        550.0      16231.8799             1.0000          149.2221           1.0000           79.8718           0.9992
        600.0      20358.2344             0.9999          156.3996           1.0000           85.1130           0.9999
        650.0      24736.5137             1.0000          163.4060           1.0000           89.9546           1.0005
        700.0      29347.6270             1.0001          170.2383           1.0000           94.4321           1.0009
        750.0      34174.2305             1.0002          176.8967           1.0000           98.5797           1.0008
        800.0      39200.6172             1.0002          183.3833           1.0001          102.4282           1.0004
        850.0      44412.5000             1.0002          189.7016           1.0001          106.0037           0.9998
        900.0      49796.8203             1.0002          195.8558           1.0000          109.3290           0.9992
        950.0      55341.5547             1.0001          201.8508           1.0000          112.4235           0.9992
     -----------------------------------------------------------------------------------------------------------------




     Least square coefficients
     -------------------------
     A(1)=  0.26033053E+01

     A(2)=  0.66556424E-01

     A(3)=  0.41557181E-04

     A(4)= -0.90778109E-07

     A(5)=  0.38086305E-10

     A6=-0.98843477E+04

     A7= 0.19937109E+02

     Lambdao= 0.52269712E-01

     Lambda1=-0.53694755E-01

     Lambda2=-0.14974780E-01


     -----------------------------------------------------------------------------------------------------------------
     NER= 1
     -----------------------------------------------------------------------------------------------------------------
1
      300. K to      950. K
 0.26033053E+01 0.66556424E-01 0.41557181E-04-0.90778109E-07 0.38086305E-10
-0.98843477E+04 0.19937109E+02
                               0.26033053E+01 0.66556424E-01 0.41557181E-04
-0.90778109E-07 0.38086305E-10-0.98843477E+04 0.19937109E+02
