C9H19         N        (N for nonlinear, L for linear)
28 127.25          Number of atoms, molecular weight
-13.1007612595				Enthalpy of formation at the standard state!kcal
0.0533547777778 1    Rotational constat (cm-1), symmetry number
1         Statistical weight
0         Number of internal rotor, Br, sigma, dim, vr 
31.034
36.3861
83.9938
110.5049
168.7679
213.5706
221.2894
223.686
247.1151
257.5117
259.3163
357.5132
363.7423
409.9881
411.0707
443.389
465.0468
510.4952
798.6855
828.3417
843.229
892.7623
928.6974
929.8153
944.4602
949.7499
965.7938
966.7812
1036.4937
1073.4433
1115.3875
1120.2397
1133.1903
1180.5742
1188.7845
1191.9001
1234.4637
1251.8367
1256.8458
1320.9747
1358.9474
1363.8112
1365.5386
1384.3604
1399.9582
1401.5636
1412.25
1421.0535
1423.4942
1457.9329
1467.708
1488.3645
1490.0002
1493.45
1495.1599
1503.7824
1504.4319
1509.7615
1511.4985
2899.3705
2903.6714
2973.1053
2977.4019
2994.5529
2995.3903
3012.2413
3012.4353
3017.5571
3018.1865
3071.1647
3071.2608
3077.5867
3077.955
3082.8731
3083.0183
3090.9059
3091.8194
3122.0904
