 C9H19O2          Molecular weight =159.249

 Heat of formation at 298K =  -32.375 (kcal/mol)

 B =   0.030 cm?1     Symmetric number =  1

 Internal rotation
 ===================================================
  No      Br       sigma    dim      Vr(kcal/mol)
 ===================================================


 Vibrational Frequencies (cm^-1)
 -------------------------------
         23.
         27.
         46.
         73.
        100.
        155.
        192.
        202.
        206.
        221.
        225.
        247.
        254.
        274.
        344.
        367.
        401.
        442.
        452.
        473.
        510.
        617.
        780.
        817.
        836.
        862.
        900.
        931.
        932.
        944.
        948.
        965.
       1007.
       1022.
       1060.
       1105.
       1117.
       1135.
       1146.
       1184.
       1191.
       1215.
       1249.
       1264.
       1295.
       1325.
       1355.
       1360.
       1363.
       1367.
       1387.
       1391.
       1401.
       1414.
       1418.
       1426.
       1453.
       1464.
       1475.
       1490.
       1494.
       1496.
       1504.
       1507.
       1511.
       2903.
       2919.
       2980.
       2984.
       2999.
       3012.
       3018.
       3021.
       3027.
       3065.
       3069.
       3071.
       3078.
       3083.
       3085.
       3089.
       3101.
       3115.
       3771.
 -------------------------------


1
   T(K)       Cp(cal/mol/K)   S(cal/mol/K)  [H(T)-H(298K)](kcal/mol)
 -----------------------------------------------------------------
   50.00          0.000          0.000            -9.556
  100.00         26.961         81.008            -8.198
  200.00         41.528        104.428            -4.737
  298.15         55.253        123.515             0.000
  300.00         55.525        123.858             0.102
  350.00         62.948        132.974             3.064
  400.00         70.264        141.860             6.395
  450.00         77.230        150.542            10.085
  500.00         83.724        159.020            14.111
  500.00         83.724        159.020            14.111
  550.00         89.713        167.285            18.449
  600.00         95.214        175.330            23.074
  650.00        100.265        183.153            27.962
  700.00        104.912        190.756            33.093
  750.00        109.198        198.143            38.448
  800.00        113.160        205.318            44.008
  850.00        116.829        212.290            49.759
  900.00        120.233        219.065            55.686
  950.00        123.394        225.652            61.778
 1000.00        126.332        232.056            68.022
 1100.00        131.608        244.351            80.925
 1200.00        136.182        256.003            94.320
 1300.00        140.154        267.064           108.142
 1400.00        143.611        277.580           122.334
 1500.00        146.627        287.593           136.849
 1600.00        149.265        297.142           151.647
 1700.00        151.579        306.262           166.691
 1800.00        153.615        314.985           181.953
 1900.00        155.413        323.340           197.407
 2000.00        157.005        331.353           213.029
 2100.00        158.420        339.048           228.802
 2200.00        159.681        346.447           244.708
 2300.00        160.810        353.571           260.733
 2400.00        161.822        360.437           276.866
 2500.00        162.733        367.061           293.095
 2600.00        163.555        373.460           309.410
 2700.00        164.299        379.647           325.803
 2800.00        164.975        385.635           342.267
 2900.00        165.589        391.435           358.796
 3000.00        166.149        397.058           375.383
 -----------------------------------------------------------------
1
 High temperature

     Input value
     ------------


 No.Points =   20    Gas constant=      1.9871     Enthalpy of formation=   -32.3754



 Cpo at To=       126.332     H-H298 at To=     68022.055     Sto at To=       232.056






     TEMP.          H-H298          Pred/Correct          Sto          Pred/Correct          Cpo          Pred/Correct
     -----          ------          ------------          ---          ------------          ---          ------------

       1100.0      80925.3672             0.9998          244.3507           0.9999          131.6080           0.9981
       1200.0      94320.2656             0.9995          256.0029           0.9998          136.1819           0.9976
       1300.0     108141.6953             0.9993          267.0638           0.9998          140.1543           0.9979
       1400.0     122333.9688             0.9992          277.5798           0.9997          143.6114           0.9987
       1500.0     136849.2813             0.9992          287.5931           0.9997          146.6271           0.9996
       1600.0     151646.7969             0.9993          297.1423           0.9997          149.2649           1.0005
       1700.0     166691.4688             0.9994          306.2624           0.9997          151.5789           1.0012
       1800.0     181953.3281             0.9996          314.9853           0.9998          153.6151           1.0016
       1900.0     197406.5469             0.9997          323.3400           0.9998          155.4127           1.0018
       2000.0     213029.0156             0.9999          331.3529           0.9999          157.0050           1.0017
       2100.0     228801.6250             1.0000          339.0481           0.9999          158.4199           1.0013
       2200.0     244707.9063             1.0001          346.4475           0.9999          159.6814           1.0008
       2300.0     260733.4844             1.0001          353.5710           0.9999          160.8097           1.0002
       2400.0     276865.9688             1.0001          360.4367           0.9999          161.8220           0.9996
       2500.0     293094.5313             1.0000          367.0614           0.9999          162.7329           0.9991
       2600.0     309409.6250             1.0000          373.4602           0.9999          163.5551           0.9987
       2700.0     325802.9688             0.9999          379.6470           0.9999          164.2992           0.9987
       2800.0     342267.1563             0.9999          385.6346           0.9999          164.9745           0.9991
       2900.0     358795.8125             0.9998          391.4346           0.9999          165.5890           1.0001
       3000.0     375383.1563             0.9999          397.0580           0.9999          166.1495           1.0018
     -----------------------------------------------------------------------------------------------------------------




     Least square coefficients
     -------------------------
     A(1)=  0.19805075E+02

     A(2)=  0.64097829E-01

     A(3)= -0.23600336E-04

     A(4)=  0.33508958E-08

     A(5)= -0.79100971E-13

     A6=-0.26870508E+05

     A7=-0.73424881E+02

     Lambdao= 0.49215928E+00

     Lambda1= 0.16267814E+00

     Lambda2= 0.49637535E+00


     -----------------------------------------------------------------------------------------------------------------
     NER= 1
     -----------------------------------------------------------------------------------------------------------------
1
     1100. K to     3000. K
 0.19805075E+02 0.64097829E-01-0.23600336E-04 0.33508958E-08-0.79100971E-13
-0.26870508E+05-0.73424881E+02
                               0.19805075E+02 0.64097829E-01-0.23600336E-04
 0.33508958E-08-0.79100971E-13-0.26870508E+05-0.73424881E+02



 Low temperature


     Input value
     ------------


 No.Points =   15    Gas constant=      1.9871     Enthalpy of formation=   -32.3754



 Cpo at To=       126.332     H-H298 at To=     68022.055     Sto at To=       232.056






     TEMP.          H-H298          Pred/Correct          Sto          Pred/Correct          Cpo          Pred/Correct
     -----          ------          ------------          ---          ------------          ---          ------------

        300.0        102.4695             0.9576          123.8581           0.9999           55.5252           0.9979
        350.0       3064.1011             0.9993          132.9741           0.9999           62.9483           1.0021
        400.0       6395.4468             1.0007          141.8600           1.0000           70.2637           1.0014
        450.0      10084.5859             1.0007          150.5423           1.0001           77.2301           1.0000
        500.0      14110.5381             1.0003          159.0199           1.0000           83.7244           0.9992
        500.0      14110.5381             1.0003          159.0199           1.0000           83.7244           0.9992
        550.0      18448.5762             1.0001          167.2845           1.0000           89.7133           0.9992
        600.0      23073.7129             0.9999          175.3298           1.0000           95.2137           0.9997
        650.0      27962.4609             0.9999          183.1533           1.0000          100.2651           1.0002
        700.0      33093.4922             1.0000          190.7562           1.0000          104.9124           1.0006
        750.0      38447.6836             1.0001          198.1425           1.0000          109.1983           1.0006
        800.0      44007.9180             1.0002          205.3181           1.0000          113.1599           1.0004
        850.0      49758.8047             1.0002          212.2899           1.0000          116.8291           0.9999
        900.0      55686.4023             1.0001          219.0652           1.0000          120.2327           0.9995
        950.0      61778.0313             1.0000          225.6516           1.0000          123.3936           0.9994
     -----------------------------------------------------------------------------------------------------------------




     Least square coefficients
     -------------------------
     A(1)=  0.18808458E+01

     A(2)=  0.90340458E-01

     A(3)=  0.35379639E-05

     A(4)= -0.61205164E-07

     A(5)=  0.29020246E-10

     A6=-0.20794559E+05

     A7= 0.24823378E+02

     Lambdao= 0.36243729E-01

     Lambda1=-0.32488987E-01

     Lambda2=-0.99605061E-02


     -----------------------------------------------------------------------------------------------------------------
     NER= 1
     -----------------------------------------------------------------------------------------------------------------
1
      300. K to      950. K
 0.18808458E+01 0.90340458E-01 0.35379639E-05-0.61205164E-07 0.29020246E-10
-0.20794559E+05 0.24823378E+02
                               0.18808458E+01 0.90340458E-01 0.35379639E-05
-0.61205164E-07 0.29020246E-10-0.20794559E+05 0.24823378E+02
