C9H19O2         N        (N for nonlinear, L for linear)
30 159.249          Number of atoms, molecular weight
-32.3753584195				Enthalpy of formation at the standard state!kcal
0.0299202222222 1    Rotational constat (cm-1), symmetry number
1         Statistical weight
0         Number of internal rotor, Br, sigma, dim, vr 
23.4676
26.9722
45.6673
72.7732
99.9881
154.7721
192.1025
201.7608
205.6397
221.3158
224.8393
247.1998
254.4798
273.7058
344.3138
367.3473
400.7011
441.7776
452.0249
473.4883
509.8642
617.3553
780.2325
817.4076
836.0151
861.9958
900.0351
931.057
931.8955
943.8791
948.2728
965.41
1006.7286
1021.8144
1060.3139
1105.283
1117.0779
1135.4493
1146.1924
1183.5667
1190.9416
1214.7056
1249.1871
1264.2566
1295.3746
1325.0037
1355.1355
1360.3986
1362.9466
1366.5142
1387.198
1391.0647
1400.9456
1413.5789
1418.2513
1425.5216
1453.3685
1463.6857
1475.3209
1489.608
1493.551
1495.9476
1503.6409
1506.7627
1511.0746
2902.6469
2918.8162
2980.405
2983.9015
2999.1505
3012.2998
3017.5782
3021.3035
3027.1658
3064.6661
3069.4475
3071.0544
3077.5622
3083.268
3084.9065
3089.3371
3100.8012
3115.046
3770.6589
