C9H18O         N        (N for nonlinear, L for linear)
28 159.249          Number of atoms, molecular weight
-66.4827232045				Enthalpy of formation at the standard state!kcal
0.0460368888889 1    Rotational constat (cm-1), symmetry number
1         Statistical weight
0         Number of internal rotor, Br, sigma, dim, vr 
37.8748
54.2973
84.9054
116.9111
149.1107
188.433
217.3652
229.5217
234.458
246.1134
261.332
368.8986
382.9889
400.779
429.5181
441.5203
518.6262
528.957
695.7112
754.629
807.961
836.3802
894.3315
930.3836
939.8725
944.6964
962.7307
972.7289
995.4395
1030.5615
1040.1393
1091.2019
1122.4299
1145.5945
1153.6525
1167.3955
1191.8327
1237.4868
1264.1269
1288.796
1325.4468
1348.1871
1360.2105
1371.6804
1394.1826
1403.9993
1410.7863
1420.4484
1423.496
1467.5373
1473.2796
1478.7759
1488.3879
1490.3778
1493.0191
1500.5524
1504.9685
1506.5926
1512.448
1520.5059
2985.5849
2999.7125
3013.332
3018.7098
3022.3359
3023.8125
3030.8679
3046.7984
3056.919
3072.3396
3078.3183
3079.3086
3081.0036
3085.033
3085.4876
3090.2398
3110.8812
3132.4979
