TS_2d_1_11_5_27_3_scan_b3631gd
Calculated at [      ] level of theory      

30               !Number of atoms in the molecule

0, 41, 10.0       ! Minumum angle, No. of Points and Stepsize (in degrees)

12.011
1.008
1.008
1.008
12.011
12.011
1.008
1.008
1.008
12.011
12.011
12.011
12.011
12.011
12.011
1.008
1.008
1.008
1.008
1.008
1.008
1.008
1.008
1.008
1.008
1.008
1.008
15.999
15.999
1.008

0.0 0.0 0.0 
0.0 0.0 1.093261 
1.034819 0.0 -0.344674 
-0.501759 -0.905841 -0.353749 
-0.743931 1.237466 -0.515833 
-2.21058 1.308202 -0.095065 
-2.668269 2.199776 -0.523464 
-2.258038 1.394282 0.994839 
-2.771738 0.422057 -0.398026 
-0.658197 1.09665 -2.297848 
-1.345654 -0.011983 -2.84729 
-2.779156 -0.020081 -3.258942 
-2.999474 -0.44591 -4.736807 
-4.495954 -0.620354 -5.023653 
-2.35992 0.548674 -5.71335 
0.423976 1.067063 -2.411388 
-1.061403 2.076152 -2.543265 
-0.814635 -0.957264 -2.950196 
-3.33745 -0.729812 -2.629804 
-3.226836 0.966408 -3.096665 
-2.512001 -1.4204 -4.872528 
-2.500573 0.224977 -6.748479 
-2.812684 1.540693 -5.609951 
-1.28661 0.654092 -5.536236 
-4.948521 -1.361563 -4.358511 
-5.032508 0.324487 -4.886639 
-4.661453 -0.948622 -6.053631 
-0.039337 2.315393 -0.200545 
-0.671783 3.714387 -1.16923 
-0.181157 4.311186 -0.588979 

0.0 0.0 0.0 
0.0 0.0 1.093261 
1.034819 0.0 -0.344674 
-0.501759 -0.905841 -0.353749 
-0.743931 1.237466 -0.515833 
-2.21058 1.308202 -0.095065 
-2.668269 2.199776 -0.523464 
-2.258038 1.394282 0.994839 
-2.771738 0.422057 -0.398026 
-0.658197 1.09665 -2.297848 
-1.518958 0.12758 -2.866656 
-2.926209 0.370487 -3.29688 
-3.19553 -0.00027 -4.781455 
-4.695353 0.088806 -5.089285 
-2.379702 0.875636 -5.740139 
0.404092 0.881139 -2.397653 
-0.882451 2.132854 -2.539136 
-1.157902 -0.894545 -2.971667 
-3.607772 -0.236447 -2.681795 
-3.198922 1.418358 -3.131036 
-2.881936 -1.043396 -4.920117 
-2.559282 0.588534 -6.780032 
-2.655618 1.930254 -5.633178 
-1.306988 0.792553 -5.548158 
-5.27875 -0.567675 -4.437133 
-5.062427 1.111211 -4.950246 
-4.900265 -0.198537 -6.124392 
-0.039337 2.315393 -0.200545 
-0.671783 3.714387 -1.16923 
-0.181157 4.311186 -0.588979 

0.0 0.0 0.0 
0.0 0.0 1.093261 
1.034819 0.0 -0.344674 
-0.501759 -0.905841 -0.353749 
-0.743931 1.237466 -0.515833 
-2.21058 1.308202 -0.095065 
-2.668269 2.199776 -0.523464 
-2.258038 1.394282 0.994839 
-2.771738 0.422057 -0.398026 
-0.658197 1.09665 -2.297848 
-1.665233 0.295149 -2.886935 
-3.002977 0.780864 -3.333002 
-3.310941 0.47287 -4.824395 
-4.768205 0.822217 -5.150745 
-2.342283 1.201276 -5.764071 
0.352175 0.701363 -2.385945 
-0.696469 2.157718 -2.532153 
-1.484816 -0.773245 -2.99698 
-3.787969 0.296597 -2.732586 
-3.092815 1.858902 -3.160743 
-3.180412 -0.607759 -4.968901 
-2.553806 0.956983 -6.808884 
-2.433263 2.286932 -5.650665 
-1.302952 0.932534 -5.559025 
-5.465617 0.271907 -4.512467 
-4.954991 1.891685 -5.006751 
-5.004786 0.582033 -6.191102 
-0.039337 2.315393 -0.200545 
-0.671783 3.714387 -1.16923 
-0.181157 4.311186 -0.588979 

0.0 0.0 0.0 
0.0 0.0 1.093261 
1.034819 0.0 -0.344674 
-0.501759 -0.905841 -0.353749 
-0.743931 1.237466 -0.515833 
-2.21058 1.308202 -0.095065 
-2.668269 2.199776 -0.523464 
-2.258038 1.394282 0.994839 
-2.771738 0.422057 -0.398026 
-0.658197 1.09665 -2.297848 
-1.780035 0.485634 -2.90751 
-3.007127 1.198581 -3.36621 
-3.342202 0.959136 -4.864324 
-4.712296 1.557593 -5.206165 
-2.2488 1.515696 -5.784419 
0.269802 0.533199 -2.376619 
-0.50911 2.149988 -2.522528 
-1.785443 -0.597052 -3.025366 
-3.872566 0.853123 -2.780633 
-2.91174 2.274654 -3.184884 
-3.398362 -0.126725 -5.017399 
-2.484309 1.319126 -6.834157 
-2.152373 2.59989 -5.661881 
-1.274624 1.06978 -5.568508 
-5.503443 1.131671 -4.582226 
-4.713462 2.642196 -5.054437 
-4.971839 1.369373 -6.251733 
-0.039337 2.315393 -0.200545 
-0.671783 3.714387 -1.16923 
-0.181157 4.311186 -0.588979 

0.0 0.0 0.0 
0.0 0.0 1.093261 
1.034819 0.0 -0.344674 
-0.501759 -0.905841 -0.353749 
-0.743931 1.237466 -0.515833 
-2.21058 1.308202 -0.095065 
-2.668269 2.199776 -0.523464 
-2.258038 1.394282 0.994839 
-2.771738 0.422057 -0.398026 
-0.658197 1.09665 -2.297848 
-1.859875 0.693246 -2.927757 
-2.938532 1.610945 -3.395495 
-3.288363 1.443752 -4.900029 
-4.529326 2.272591 -5.253862 
-2.102092 1.809345 -5.800565 
0.159475 0.381754 -2.36996 
-0.326065 2.109899 -2.510554 
-2.05065 -0.371317 -3.055963 
-3.858993 1.416221 -2.824477 
-2.661198 2.65298 -3.202726 
-3.529162 0.385091 -5.064136 
-2.352906 1.663961 -6.855085 
-1.821484 2.859617 -5.666486 
-1.222867 1.200123 -5.576317 
-5.391081 1.985495 -4.64429 
-4.345181 3.339939 -5.091854 
-4.802426 2.139559 -6.304443 
-0.039337 2.315393 -0.200545 
-0.671783 3.714387 -1.16923 
-0.181157 4.311186 -0.588979 

0.0 0.0 0.0 
0.0 0.0 1.093261 
1.034819 0.0 -0.344674 
-0.501759 -0.905841 -0.353749 
-0.743931 1.237466 -0.515833 
-2.21058 1.308202 -0.095065 
-2.668269 2.199776 -0.523464 
-2.258038 1.394282 0.994839 
-2.771738 0.422057 -0.398026 
-0.658197 1.09665 -2.297848 
-1.902327 0.911678 -2.94706 
-2.799278 2.005428 -3.419968 
-3.151058 1.911993 -4.930424 
-4.224854 2.945486 -5.292386 
-1.906617 2.0733 -5.812018 
0.024547 0.251631 -2.366169 
-0.152896 2.038669 -2.496594 
-2.272378 -0.102901 -3.087841 
-3.747661 1.968783 -2.862784 
-2.348803 2.982386 -3.213727 
-3.568839 0.912136 -5.107692 
-2.163587 1.981011 -6.87103 
-1.45065 3.058223 -5.664339 
-1.149251 1.3196 -5.582217 
-5.131942 2.807434 -4.696773 
-3.861338 3.963713 -5.117867 
-4.501693 2.869189 -6.347631 
-0.039337 2.315393 -0.200545 
-0.671783 3.714387 -1.16923 
-0.181157 4.311186 -0.588979 

0.0 0.0 0.0 
0.0 0.0 1.093261 
1.034819 0.0 -0.344674 
-0.501759 -0.905841 -0.353749 
-0.743931 1.237466 -0.515833 
-2.21058 1.308202 -0.095065 
-2.668269 2.199776 -0.523464 
-2.258038 1.394282 0.994839 
-2.771738 0.422057 -0.398026 
-0.658197 1.09665 -2.297848 
-1.906101 1.134292 -2.964833 
-2.593595 2.370043 -3.438884 
-2.934461 2.349632 -4.954586 
-3.808131 3.555833 -5.320567 
-1.668315 2.299541 -5.818431 
-0.130882 0.146785 -2.365362 
0.005135 1.938463 -2.481072 
-2.44389 0.200042 -3.120032 
-3.541954 2.494018 -2.894392 
-1.984046 3.252863 -3.217551 
-3.516187 1.438397 -5.146744 
-1.922105 2.260642 -6.881509 
-1.051138 3.189674 -5.655505 
-1.056014 1.424583 -5.586027 
-4.733903 3.572516 -4.738081 
-3.276632 4.494566 -5.131685 
-4.078779 3.536094 -6.379984 
-0.039337 2.315393 -0.200545 
-0.671783 3.714387 -1.16923 
-0.181157 4.311186 -0.588979 

0.0 0.0 0.0 
0.0 0.0 1.093261 
1.034819 0.0 -0.344674 
-0.501759 -0.905841 -0.353749 
-0.743931 1.237466 -0.515833 
-2.21058 1.308202 -0.095065 
-2.668269 2.199776 -0.523464 
-2.258038 1.394282 0.994839 
-2.771738 0.422057 -0.398026 
-0.658197 1.09665 -2.297848 
-1.871083 1.354324 -2.980535 
-2.327733 2.693711 -3.45167 
-2.645152 2.743372 -4.97178 
-3.291819 4.085086 -5.337549 
-1.394427 2.481193 -5.819609 
-0.30209 0.070399 -2.367563 
0.143226 1.812324 -2.464461 
-2.559975 0.528306 -3.151556 
-3.248122 2.975967 -2.91834 
-1.57801 3.456192 -3.214084 
-3.372805 1.947884 -5.180106 
-1.635798 2.494357 -6.886203 
-0.635087 3.249974 -5.640254 
-0.94599 1.511881 -5.587632 
-4.209055 4.257493 -4.766957 
-2.608832 4.916368 -5.132888 
-3.546534 4.12001 -6.400518 
-0.039337 2.315393 -0.200545 
-0.671783 3.714387 -1.16923 
-0.181157 4.311186 -0.588979 

0.0 0.0 0.0 
0.0 0.0 1.093261 
1.034819 0.0 -0.344674 
-0.501759 -0.905841 -0.353749 
-0.743931 1.237466 -0.515833 
-2.21058 1.308202 -0.095065 
-2.668269 2.199776 -0.523464 
-2.258038 1.394282 0.994839 
-2.771738 0.422057 -0.398026 
-0.658197 1.09665 -2.297848 
-1.798336 1.56509 -2.99369 
-2.00977 2.966598 -3.457936 
-2.291922 3.081248 -4.981485 
-2.691605 4.517165 -5.342815 
-1.093274 2.612738 -5.815515 
-0.483875 0.024796 -2.372705 
0.257182 1.664087 -2.447265 
-2.617106 0.871918 -3.181457 
-2.875093 3.399988 -2.9339 
-1.143032 3.586196 -3.20343 
-3.14305 2.425116 -5.206764 
-1.313365 2.675055 -6.884969 
-0.215139 3.237292 -5.619047 
-0.82252 1.578842 -5.586983 
-3.573348 4.841553 -4.782526 
-1.878226 5.216302 -5.121439 
-2.921129 4.603196 -6.408611 
-0.039337 2.315393 -0.200545 
-0.671783 3.714387 -1.16923 
-0.181157 4.311186 -0.588979 

0.0 0.0 0.0 
0.0 0.0 1.093261 
1.034819 0.0 -0.344674 
-0.501759 -0.905841 -0.353749 
-0.743931 1.237466 -0.515833 
-2.21058 1.308202 -0.095065 
-2.668269 2.199776 -0.523464 
-2.258038 1.394282 0.994839 
-2.771738 0.422057 -0.398026 
-0.658197 1.09665 -2.297848 
-1.690072 1.760184 -3.003898 
-1.649367 3.180412 -3.457493 
-1.885503 3.352995 -4.983406 
-2.025728 4.83894 -5.336207 
-0.774007 2.690177 -5.806274 
-0.670713 0.01136 -2.380632 
0.34354 1.498254 -2.430006 
-2.613546 1.220436 -3.208826 
-2.434202 3.753196 -2.940599 
-0.692329 3.638924 -3.185913 
-2.833904 2.855592 -5.225907 
-0.964603 2.797246 -6.877845 
0.195947 3.152012 -5.592531 
-0.689356 1.62343 -5.5841 
-2.846096 5.306949 -4.784313 
-1.107015 5.385256 -5.097686 
-2.221567 4.97097 -6.404017 
-0.039337 2.315393 -0.200545 
-0.671783 3.714387 -1.16923 
-0.181157 4.311186 -0.588979 

0.0 0.0 0.0 
0.0 0.0 1.093261 
1.034819 0.0 -0.344674 
-0.501759 -0.905841 -0.353749 
-0.743931 1.237466 -0.515833 
-2.21058 1.308202 -0.095065 
-2.668269 2.199776 -0.523464 
-2.258038 1.394282 0.994839 
-2.771738 0.422057 -0.398026 
-0.658197 1.09665 -2.297848 
-1.549579 1.933679 -3.010848 
-1.257475 3.328658 -3.450353 
-1.438245 3.550356 -4.977484 
-1.314419 5.040635 -5.317923 
-0.446327 2.711159 -5.792167 
-0.856927 0.030501 -2.391103 
0.399676 1.319866 -2.413209 
-2.549404 1.563272 -3.232832 
-1.938843 4.024859 -2.938234 
-0.239596 3.612775 -3.162065 
-2.454759 3.226234 -5.236955 
-0.600109 2.857217 -6.865048 
0.585679 2.996728 -5.56151 
-0.550546 1.644293 -5.57907 
-2.049397 5.63954 -4.772265 
-0.318632 5.418095 -5.062352 
-1.469104 5.212157 -6.386874 
-0.039337 2.315393 -0.200545 
-0.671783 3.714387 -1.16923 
-0.181157 4.311186 -0.588979 

0.0 0.0 0.0 
0.0 0.0 1.093261 
1.034819 0.0 -0.344674 
-0.501759 -0.905841 -0.353749 
-0.743931 1.237466 -0.515833 
-2.21058 1.308202 -0.095065 
-2.668269 2.199776 -0.523464 
-2.258038 1.394282 0.994839 
-2.771738 0.422057 -0.398026 
-0.658197 1.09665 -2.297848 
-1.381127 2.080304 -3.01433 
-0.846001 3.406829 -3.436734 
-0.963738 3.667334 -4.963898 
-0.579292 5.116121 -5.288521 
-0.12019 2.675046 -5.773622 
-1.03686 0.081637 -2.403801 
0.423885 1.134341 -2.397384 
-2.426629 1.890009 -3.252744 
-1.40407 4.206723 -2.926876 
0.201412 3.508543 -3.132611 
-2.017135 3.525778 -5.23957 
-0.230957 2.853145 -6.846966 
0.942217 2.776155 -5.526927 
-0.410305 1.640794 -5.572047 
-1.207458 5.829221 -4.746747 
0.46297 5.313822 -5.016509 
-0.686604 5.319429 -6.357704 
-0.039337 2.315393 -0.200545 
-0.671783 3.714387 -1.16923 
-0.181157 4.311186 -0.588979 

0.0 0.0 0.0 
0.0 0.0 1.093261 
1.034819 0.0 -0.344674 
-0.501759 -0.905841 -0.353749 
-0.743931 1.237466 -0.515833 
-2.21058 1.308202 -0.095065 
-2.668269 2.199776 -0.523464 
-2.258038 1.394282 0.994839 
-2.771738 0.422057 -0.398026 
-0.658197 1.09665 -2.297848 
-1.189833 2.195603 -3.014238 
-0.427447 3.412552 -3.417049 
-0.476398 3.700375 -4.943063 
0.157318 5.063106 -5.248892 
0.194495 2.582935 -5.751204 
-1.205043 0.163213 -2.418339 
0.41543 0.947317 -2.383012 
-2.248951 2.190718 -3.267958 
-0.84613 4.293262 -2.906872 
0.617295 3.329394 -3.098446 
-1.53433 3.745124 -5.233675 
0.131635 2.785155 -6.824149 
1.254726 2.496998 -5.489833 
-0.272896 1.613042 -5.563243 
-0.34586 5.870229 -4.708536 
1.214042 5.075606 -4.96155 
0.102159 5.289527 -6.317393 
-0.039337 2.315393 -0.200545 
-0.671783 3.714387 -1.16923 
-0.181157 4.311186 -0.588979 

0.0 0.0 0.0 
0.0 0.0 1.093261 
1.034819 0.0 -0.344674 
-0.501759 -0.905841 -0.353749 
-0.743931 1.237466 -0.515833 
-2.21058 1.308202 -0.095065 
-2.668269 2.199776 -0.523464 
-2.258038 1.394282 0.994839 
-2.771738 0.422057 -0.398026 
-0.658197 1.09665 -2.297848 
-0.981511 2.276074 -3.010574 
-0.014532 3.345653 -3.391897 
0.008967 3.648475 -4.915611 
0.873029 4.883199 -5.200243 
0.488166 2.437624 -5.725593 
-1.356368 0.272752 -2.434275 
0.37457 0.764476 -2.370529 
-2.021768 2.456263 -3.278011 
-0.281976 4.281847 -2.878828 
0.995417 3.080772 -3.060608 
-1.021014 3.877608 -5.219448 
0.476651 2.655313 -6.79729 
1.513711 2.167736 -5.451354 
-0.142494 1.561878 -5.552926 
0.509216 5.761317 -4.658791 
1.911762 4.710683 -4.899146 
0.873217 5.123359 -6.267166 
-0.039337 2.315393 -0.200545 
-0.671783 3.714387 -1.16923 
-0.181157 4.311186 -0.588979 

0.0 0.0 0.0 
0.0 0.0 1.093261 
1.034819 0.0 -0.344674 
-0.501759 -0.905841 -0.353749 
-0.743931 1.237466 -0.515833 
-2.21058 1.308202 -0.095065 
-2.668269 2.199776 -0.523464 
-2.258038 1.394282 0.994839 
-2.771738 0.422057 -0.398026 
-0.658197 1.09665 -2.297848 
-0.762489 2.31927 -3.00345 
0.380199 3.208163 -3.362042 
0.477609 3.51321 -4.882375 
1.546095 4.581867 -5.144049 
0.7519 2.243529 -5.697567 
-1.486235 0.406924 -2.451125 
0.302544 0.591375 -2.360316 
-1.751985 2.678575 -3.282599 
0.27125 4.172824 -2.843597 
1.324287 2.770233 -3.020247 
-0.492783 3.919202 -5.197321 
0.793607 2.467563 -6.767205 
1.711304 1.798376 -5.412661 
-0.02306 1.488858 -5.54141 
1.33179 5.505795 -4.599025 
2.534931 4.230143 -4.831192 
1.603143 4.825974 -6.208549 
-0.039337 2.315393 -0.200545 
-0.671783 3.714387 -1.16923 
-0.181157 4.311186 -0.588979 

0.0 0.0 0.0 
0.0 0.0 1.093261 
1.034819 0.0 -0.344674 
-0.501759 -0.905841 -0.353749 
-0.743931 1.237466 -0.515833 
-2.21058 1.308202 -0.095065 
-2.668269 2.199776 -0.523464 
-2.258038 1.394282 0.994839 
-2.771738 0.422057 -0.398026 
-0.658197 1.09665 -2.297848 
-0.539423 2.323879 -2.993083 
0.744751 3.004261 -3.328391 
0.915288 3.298691 -4.844367 
2.156063 4.168266 -5.08202 
0.977683 2.006548 -5.667978 
-1.5907 0.561654 -2.468378 
0.201543 0.433273 -2.352682 
-1.447798 2.8509 -3.281582 
0.796739 3.969506 -2.802249 
1.593915 2.40721 -2.978589 
0.034314 3.868644 -5.167967 
1.072873 2.22761 -6.734808 
1.8415 1.40014 -5.374928 
0.081776 1.396201 -5.529044 
2.096869 5.111427 -4.531053 
3.064614 3.648586 -4.759753 
2.269758 4.406408 -6.143324 
-0.039337 2.315393 -0.200545 
-0.671783 3.714387 -1.16923 
-0.181157 4.311186 -0.588979 

0.0 0.0 0.0 
0.0 0.0 1.093261 
1.034819 0.0 -0.344674 
-0.501759 -0.905841 -0.353749 
-0.743931 1.237466 -0.515833 
-2.21058 1.308202 -0.095065 
-2.668269 2.199776 -0.523464 
-2.258038 1.394282 0.994839 
-2.771738 0.422057 -0.398026 
-0.658197 1.09665 -2.297848 
-0.31909 2.289762 -2.979787 
1.068049 2.740142 -3.291966 
1.308706 3.011436 -4.80274 
2.684402 3.654963 -5.01604 
1.158656 1.733881 -5.637725 
-1.666588 0.732239 -2.485509 
0.074634 0.294973 -2.347859 
-1.118449 2.968002 -3.27499 
1.278523 3.678071 -2.75604 
1.796107 2.002734 -2.936899 
0.544259 3.727471 -5.132278 
1.305964 1.942746 -6.701083 
1.900344 0.985127 -5.339302 
0.168829 1.286721 -5.516205 
2.781205 4.590195 -4.456941 
3.484716 2.983683 -4.687001 
2.852807 3.87741 -6.073471 
-0.039337 2.315393 -0.200545 
-0.671783 3.714387 -1.16923 
-0.181157 4.311186 -0.588979 

0.0 0.0 0.0 
0.0 0.0 1.093261 
1.034819 0.0 -0.344674 
-0.501759 -0.905841 -0.353749 
-0.743931 1.237466 -0.515833 
-2.21058 1.308202 -0.095065 
-2.668269 2.199776 -0.523464 
-2.258038 1.394282 0.994839 
-2.771738 0.422057 -0.398026 
-0.658197 1.09665 -2.297848 
-0.108186 2.217956 -2.963966 
1.340269 2.423831 -3.253874 
1.645909 2.660173 -4.75876 
3.115058 3.057554 -4.948113 
1.289319 1.433812 -5.607727 
-1.711592 0.913497 -2.501997 
-0.074327 0.180677 -2.345994 
-0.773945 3.026322 -3.263024 
1.701965 3.307373 -2.706375 
1.92472 1.569096 -2.896445 
1.021559 3.49997 -5.091337 
1.485796 1.621624 -6.667056 
1.886047 0.565949 -5.306866 
0.235454 1.163745 -5.503282 
3.364006 3.957937 -4.378941 
3.782475 2.255635 -4.615144 
3.334575 3.255052 -6.001113 
-0.039337 2.315393 -0.200545 
-0.671783 3.714387 -1.16923 
-0.181157 4.311186 -0.588979 

0.0 0.0 0.0 
0.0 0.0 1.093261 
1.034819 0.0 -0.344674 
-0.501759 -0.905841 -0.353749 
-0.743931 1.237466 -0.515833 
-2.21058 1.308202 -0.095065 
-2.668269 2.199776 -0.523464 
-2.258038 1.394282 0.994839 
-2.771738 0.422057 -0.398026 
-0.658197 1.09665 -2.297848 
0.086882 2.110641 -2.946101 
1.55314 2.064939 -3.215272 
1.916652 2.255575 -4.713762 
3.434945 2.394191 -4.880304 
1.365702 1.11546 -5.578895 
-1.724347 1.099921 -2.517342 
-0.240812 0.09386 -2.347143 
-0.424755 3.024088 -3.246048 
2.054199 2.868677 -2.654763 
1.975846 1.11947 -2.858456 
1.451711 3.193055 -5.04639 
1.606907 1.274004 -6.63376 
1.799044 0.155341 -5.278605 
0.279626 1.03101 -5.490668 
3.827564 3.233863 -4.299422 
3.948841 1.486566 -4.546368 
3.700424 2.558245 -5.92845 
-0.039337 2.315393 -0.200545 
-0.671783 3.714387 -1.16923 
-0.181157 4.311186 -0.588979 

0.0 0.0 0.0 
0.0 0.0 1.093261 
1.034819 0.0 -0.344674 
-0.501759 -0.905841 -0.353749 
-0.743931 1.237466 -0.515833 
-2.21058 1.308202 -0.095065 
-2.668269 2.199776 -0.523464 
-2.258038 1.394282 0.994839 
-2.771738 0.422057 -0.398026 
-0.658197 1.09665 -2.297848 
0.260186 1.971078 -2.926734 
1.700193 1.674371 -3.177335 
2.112708 1.809935 -4.669115 
3.634343 1.685031 -4.814672 
1.385485 0.788497 -5.552107 
-1.704463 1.285845 -2.531077 
-0.419764 0.037158 -2.351272 
-0.081488 2.961369 -3.224577 
2.324521 2.375312 -2.602772 
1.947931 0.667519 -2.824085 
1.821646 2.816052 -4.998801 
1.665616 0.910447 -6.602207 
1.641979 -0.23422 -5.255379 
0.300004 0.892548 -5.478746 
4.157793 2.439974 -4.2208 
3.97876 0.699842 -4.482761 
3.939236 1.80816 -5.857688 
-0.039337 2.315393 -0.200545 
-0.671783 3.714387 -1.16923 
-0.181157 4.311186 -0.588979 

0.0 0.0 0.0 
0.0 0.0 1.093261 
1.034819 0.0 -0.344674 
-0.501759 -0.905841 -0.353749 
-0.743931 1.237466 -0.515833 
-2.21058 1.308202 -0.095065 
-2.668269 2.199776 -0.523464 
-2.258038 1.394282 0.994839 
-2.771738 0.422057 -0.398026 
-0.658197 1.09665 -2.297848 
0.406462 1.803509 -2.906456 
1.77696 1.263994 -3.141213 
2.228119 1.336794 -4.626175 
3.707195 0.951621 -4.753212 
1.348066 0.462858 -5.528175 
-1.652546 1.46562 -2.542785 
-0.605745 0.012294 -2.358255 
0.245426 2.840069 -3.199264 
2.504718 1.842269 -2.551981 
1.841824 0.226975 -2.794378 
2.120123 2.380414 -4.950016 
1.660139 0.541998 -6.573356 
1.419623 -0.590898 -5.237891 
0.295968 0.752568 -5.467879 
4.34466 1.600392 -4.145466 
3.871324 -0.080633 -4.426256 
4.043757 1.027589 -5.790978 
-0.039337 2.315393 -0.200545 
-0.671783 3.714387 -1.16923 
-0.181157 4.311186 -0.588979 

0.0 0.0 0.0 
0.0 0.0 1.093261 
1.034819 0.0 -0.344674 
-0.501759 -0.905841 -0.353749 
-0.743931 1.237466 -0.515833 
-2.21058 1.308202 -0.095065 
-2.668269 2.199776 -0.523464 
-2.258038 1.394282 0.994839 
-2.771738 0.422057 -0.398026 
-0.658197 1.09665 -2.297848 
0.521263 1.613024 -2.88588 
1.78111 0.846278 -3.108005 
2.25938 0.850528 -4.586246 
3.651287 0.216245 -4.697792 
1.254582 0.148438 -5.507827 
-1.570173 1.633785 -2.552111 
-0.793105 0.020024 -2.36788 
0.546053 2.663876 -3.170877 
2.589315 1.285743 -2.503934 
1.660749 -0.188776 -2.770236 
2.338073 1.89938 -4.901519 
1.590643 0.179855 -6.548082 
1.138734 -0.903856 -5.226675 
0.267641 0.615321 -5.458396 
4.382487 0.740628 -4.075707 
3.629795 -0.831144 -4.37857 
4.01081 0.24025 -5.730347 
-0.039337 2.315393 -0.200545 
-0.671783 3.714387 -1.16923 
-0.181157 4.311186 -0.588979 

0.0 0.0 0.0 
0.0 0.0 1.093261 
1.034819 0.0 -0.344674 
-0.501759 -0.905841 -0.353749 
-0.743931 1.237466 -0.515833 
-2.21058 1.308202 -0.095065 
-2.668269 2.199776 -0.523464 
-2.258038 1.394282 0.994839 
-2.771738 0.422057 -0.398026 
-0.658197 1.09665 -2.297848 
0.601103 1.405412 -2.865633 
1.712516 0.433913 -3.07872 
2.20554 0.365912 -4.550541 
3.468317 -0.498754 -4.650095 
1.107874 -0.145211 -5.49168 
-1.459846 1.78523 -2.55877 
-0.97615 0.060113 -2.379854 
0.81126 2.438141 -3.14028 
2.575741 0.722644 -2.46009 
1.410208 -0.567102 -2.752395 
2.468873 1.387565 -4.854782 
1.459239 -0.164981 -6.527155 
0.807845 -1.163583 -5.22207 
0.215883 0.484979 -5.450587 
4.270124 -0.113195 -4.013643 
3.261514 -1.528886 -4.341152 
3.841397 -0.529936 -5.677637 
-0.039337 2.315393 -0.200545 
-0.671783 3.714387 -1.16923 
-0.181157 4.311186 -0.588979 

0.0 0.0 0.0 
0.0 0.0 1.093261 
1.034819 0.0 -0.344674 
-0.501759 -0.905841 -0.353749 
-0.743931 1.237466 -0.515833 
-2.21058 1.308202 -0.095065 
-2.668269 2.199776 -0.523464 
-2.258038 1.394282 0.994839 
-2.771738 0.422057 -0.398026 
-0.658197 1.09665 -2.297848 
0.643555 1.18698 -2.84633 
1.573262 0.039431 -3.054247 
2.068236 -0.102329 -4.520146 
3.163845 -1.171649 -4.611571 
0.9124 -0.409166 -5.480227 
-1.324918 1.915352 -2.562561 
-1.149319 0.131343 -2.393814 
1.032988 2.169725 -3.108402 
2.46441 0.170083 -2.421783 
1.097812 -0.896508 -2.741394 
2.50855 0.860519 -4.811226 
1.26992 -0.48203 -6.51121 
0.437011 -1.36219 -5.224217 
0.142268 0.365501 -5.444687 
4.010986 -0.935135 -3.96116 
2.777671 -2.152661 -4.315139 
3.540664 -1.259566 -5.63445 
-0.039337 2.315393 -0.200545 
-0.671783 3.714387 -1.16923 
-0.181157 4.311186 -0.588979 

0.0 0.0 0.0 
0.0 0.0 1.093261 
1.034819 0.0 -0.344674 
-0.501759 -0.905841 -0.353749 
-0.743931 1.237466 -0.515833 
-2.21058 1.308202 -0.095065 
-2.668269 2.199776 -0.523464 
-2.258038 1.394282 0.994839 
-2.771738 0.422057 -0.398026 
-0.658197 1.09665 -2.297848 
0.647329 0.964366 -2.828558 
1.367579 -0.325184 -3.035331 
1.851639 -0.539968 -4.495984 
2.747122 -1.781996 -4.58339 
0.674098 -0.635407 -5.473814 
-1.169489 2.020199 -2.563368 
-1.30735 0.231549 -2.409335 
1.2045 1.866782 -3.076212 
2.258703 -0.355152 -2.390175 
0.733055 -1.166985 -2.73757 
2.455897 0.334258 -4.772173 
1.028439 -0.761661 -6.500731 
0.037499 -1.49364 -5.233051 
0.049031 0.260519 -5.440877 
3.612946 -1.700217 -3.919852 
2.192965 -2.683514 -4.301321 
3.11775 -1.926471 -5.602097 
-0.039337 2.315393 -0.200545 
-0.671783 3.714387 -1.16923 
-0.181157 4.311186 -0.588979 

0.0 0.0 0.0 
0.0 0.0 1.093261 
1.034819 0.0 -0.344674 
-0.501759 -0.905841 -0.353749 
-0.743931 1.237466 -0.515833 
-2.21058 1.308202 -0.095065 
-2.668269 2.199776 -0.523464 
-2.258038 1.394282 0.994839 
-2.771738 0.422057 -0.398026 
-0.658197 1.09665 -2.297848 
0.612311 0.744333 -2.812855 
1.101717 -0.648852 -3.022545 
1.56233 -0.933707 -4.47879 
2.23081 -2.311249 -4.566408 
0.40021 -0.817059 -5.472637 
-0.998281 2.096585 -2.561168 
-1.445441 0.357688 -2.425947 
1.320585 1.538518 -3.044687 
1.964871 -0.837102 -2.366227 
0.327019 -1.370314 -2.741037 
2.312515 -0.175228 -4.738811 
0.742132 -0.995376 -6.496037 
-0.378552 -1.55394 -5.248303 
-0.060994 0.173221 -5.439272 
3.088099 -2.385194 -3.890976 
1.525165 -3.105315 -4.300119 
2.585505 -2.510388 -5.581562 
-0.039337 2.315393 -0.200545 
-0.671783 3.714387 -1.16923 
-0.181157 4.311186 -0.588979 

0.0 0.0 0.0 
0.0 0.0 1.093261 
1.034819 0.0 -0.344674 
-0.501759 -0.905841 -0.353749 
-0.743931 1.237466 -0.515833 
-2.21058 1.308202 -0.095065 
-2.668269 2.199776 -0.523464 
-2.258038 1.394282 0.994839 
-2.771738 0.422057 -0.398026 
-0.658197 1.09665 -2.297848 
0.539565 0.533568 -2.7997 
0.783753 -0.921739 -3.016279 
1.2091 -1.271584 -4.469084 
1.630596 -2.743327 -4.561141 
0.099057 -0.948604 -5.476731 
-0.816496 2.142188 -2.556025 
-1.559397 0.505925 -2.443143 
1.377716 1.194906 -3.014786 
1.591842 -1.261123 -2.350667 
-0.107958 -1.500318 -2.751691 
2.082761 -0.65246 -4.712154 
0.419699 -1.176074 -6.497271 
-0.798501 -1.541258 -5.269509 
-0.184464 0.10626 -5.439921 
2.452392 -2.969253 -3.875407 
0.794559 -3.40525 -4.311568 
1.9601 -2.993573 -5.573469 
-0.039337 2.315393 -0.200545 
-0.671783 3.714387 -1.16923 
-0.181157 4.311186 -0.588979 

0.0 0.0 0.0 
0.0 0.0 1.093261 
1.034819 0.0 -0.344674 
-0.501759 -0.905841 -0.353749 
-0.743931 1.237466 -0.515833 
-2.21058 1.308202 -0.095065 
-2.668269 2.199776 -0.523464 
-2.258038 1.394282 0.994839 
-2.771738 0.422057 -0.398026 
-0.658197 1.09665 -2.297848 
0.4313 0.338474 -2.789492 
0.42335 -1.135554 -3.016722 
0.802681 -1.543331 -4.467164 
0.964719 -3.065102 -4.56775 
-0.22021 -1.026043 -5.485972 
-0.629658 2.155623 -2.548098 
-1.645755 0.671758 -2.460402 
1.374156 0.846388 -2.987417 
1.15095 -1.614331 -2.343968 
-0.558661 -1.553047 -2.769208 
1.773614 -1.082937 -4.69301 
0.070937 -1.298265 -6.504394 
-1.209586 -1.455979 -5.296025 
-0.317627 0.061671 -5.442804 
1.72514 -3.434649 -3.87362 
0.023348 -3.574203 -4.33532 
1.260538 -3.361347 -5.578064 
-0.039337 2.315393 -0.200545 
-0.671783 3.714387 -1.16923 
-0.181157 4.311186 -0.588979 

0.0 0.0 0.0 
0.0 0.0 1.093261 
1.034819 0.0 -0.344674 
-0.501759 -0.905841 -0.353749 
-0.743931 1.237466 -0.515833 
-2.21058 1.308202 -0.095065 
-2.668269 2.199776 -0.523464 
-2.258038 1.394282 0.994839 
-2.771738 0.422057 -0.398026 
-0.658197 1.09665 -2.297848 
0.290808 0.164978 -2.782542 
0.031458 -1.283799 -3.023862 
0.355423 -1.740692 -4.473086 
0.25341 -3.266797 -4.586034 
-0.547891 -1.047025 -5.500079 
-0.443444 2.136483 -2.537627 
-1.701891 0.850147 -2.477199 
1.310014 0.503552 -2.963412 
0.655592 -1.885994 -2.346333 
-1.011395 -1.526897 -2.793056 
1.394469 -1.453578 -4.681963 
-0.293558 -1.358236 -6.517191 
-1.599319 -1.300694 -5.327046 
-0.456438 0.040809 -5.447834 
0.928441 -3.767241 -3.885668 
-0.765035 -3.607043 -4.370655 
0.508075 -3.602534 -5.595207 
-0.039337 2.315393 -0.200545 
-0.671783 3.714387 -1.16923 
-0.181157 4.311186 -0.588979 

0.0 0.0 0.0 
0.0 0.0 1.093261 
1.034819 0.0 -0.344674 
-0.501759 -0.905841 -0.353749 
-0.743931 1.237466 -0.515833 
-2.21058 1.308202 -0.095065 
-2.668269 2.199776 -0.523464 
-2.258038 1.394282 0.994839 
-2.771738 0.422057 -0.398026 
-0.658197 1.09665 -2.297848 
0.122355 0.018354 -2.77906 
-0.380016 -1.361971 -3.037481 
-0.119084 -1.85767 -4.486671 
-0.481718 -3.342284 -4.615436 
-0.874028 -1.010912 -5.518623 
-0.263511 2.085347 -2.524929 
-1.7261 1.035672 -2.493024 
1.187238 0.176815 -2.9435 
0.120818 -2.067858 -2.357691 
-1.452403 -1.422665 -2.82251 
0.956846 -1.753123 -4.679347 
-0.662709 -1.354164 -6.535273 
-1.955856 -1.080122 -5.361629 
-0.596678 0.044307 -5.454857 
0.086501 -3.956922 -3.911186 
-1.546637 -3.50277 -4.416498 
-0.274426 -3.709807 -5.624377 
-0.039337 2.315393 -0.200545 
-0.671783 3.714387 -1.16923 
-0.181157 4.311186 -0.588979 

0.0 0.0 0.0 
0.0 0.0 1.093261 
1.034819 0.0 -0.344674 
-0.501759 -0.905841 -0.353749 
-0.743931 1.237466 -0.515833 
-2.21058 1.308202 -0.095065 
-2.668269 2.199776 -0.523464 
-2.258038 1.394282 0.994839 
-2.771738 0.422057 -0.398026 
-0.658197 1.09665 -2.297848 
-0.068939 -0.096946 -2.779152 
-0.798569 -1.367694 -3.057166 
-0.606424 -1.89071 -4.507507 
-1.218328 -3.289268 -4.655065 
-1.188713 -0.918801 -5.541041 
-0.095328 2.003771 -2.510392 
-1.717645 1.222696 -2.507396 
1.00956 -0.123894 -2.928286 
-0.437122 -2.154397 -2.377695 
-1.868286 -1.243516 -2.856674 
0.474041 -1.972469 -4.685242 
-1.025301 -1.286174 -6.558091 
-2.268365 -0.800964 -5.398724 
-0.734087 0.07206 -5.463661 
-0.775096 -3.99793 -3.949397 
-2.297709 -3.264553 -4.471457 
-1.063188 -3.679904 -5.664687 
-0.039337 2.315393 -0.200545 
-0.671783 3.714387 -1.16923 
-0.181157 4.311186 -0.588979 

0.0 0.0 0.0 
0.0 0.0 1.093261 
1.034819 0.0 -0.344674 
-0.501759 -0.905841 -0.353749 
-0.743931 1.237466 -0.515833 
-2.21058 1.308202 -0.095065 
-2.668269 2.199776 -0.523464 
-2.258038 1.394282 0.994839 
-2.771738 0.422057 -0.398026 
-0.658197 1.09665 -2.297848 
-0.277261 -0.177416 -2.782816 
-1.211484 -1.300794 -3.082318 
-1.091789 -1.83881 -4.534959 
-1.934039 -3.109361 -4.703714 
-1.482384 -0.77349 -5.566653 
0.055997 1.894232 -2.494455 
-1.676784 1.405536 -2.519878 
0.782378 -0.389439 -2.918232 
-1.001275 -2.142982 -2.405739 
-2.246407 -0.994895 -2.894512 
-0.039276 -2.104952 -4.699469 
-1.370317 -1.156332 -6.58495 
-2.527351 -0.471703 -5.437202 
-0.86449 0.123223 -5.473978 
-1.630172 -3.889018 -3.999142 
-2.995429 -2.899631 -4.533861 
-1.834246 -3.513736 -5.714914 
-0.039337 2.315393 -0.200545 
-0.671783 3.714387 -1.16923 
-0.181157 4.311186 -0.588979 

0.0 0.0 0.0 
0.0 0.0 1.093261 
1.034819 0.0 -0.344674 
-0.501759 -0.905841 -0.353749 
-0.743931 1.237466 -0.515833 
-2.21058 1.308202 -0.095065 
-2.668269 2.199776 -0.523464 
-2.258038 1.394282 0.994839 
-2.771738 0.422057 -0.398026 
-0.658197 1.09665 -2.297848 
-0.496283 -0.220612 -2.78994 
-1.606215 -1.163304 -3.112173 
-1.560431 -1.703545 -4.568195 
-2.607104 -2.808029 -4.759908 
-1.746118 -0.579395 -5.594679 
0.185864 1.76006 -2.477605 
-1.604759 1.578637 -2.530092 
0.512595 -0.611751 -2.913645 
-1.554501 -2.033959 -2.44097 
-2.575278 -0.684355 -2.934874 
-0.567507 -2.146547 -4.721596 
-1.687273 -0.968582 -6.615035 
-2.724943 -0.102342 -5.475896 
-0.983923 0.196243 -5.485494 
-2.452747 -3.633496 -4.058908 
-3.618598 -2.419091 -4.601815 
-2.564172 -3.216351 -5.773531 
-0.039337 2.315393 -0.200545 
-0.671783 3.714387 -1.16923 
-0.181157 4.311186 -0.588979 

0.0 0.0 0.0 
0.0 0.0 1.093261 
1.034819 0.0 -0.344674 
-0.501759 -0.905841 -0.353749 
-0.743931 1.237466 -0.515833 
-2.21058 1.308202 -0.095065 
-2.668269 2.199776 -0.523464 
-2.258038 1.394282 0.994839 
-2.771738 0.422057 -0.398026 
-0.658197 1.09665 -2.297848 
-0.719349 -0.225222 -2.800307 
-1.970768 -0.959402 -3.145824 
-1.99811 -1.489027 -4.606203 
-3.217073 -2.394428 -4.821937 
-1.971901 -0.342414 -5.624268 
0.290329 1.60533 -2.460352 
-1.503757 1.73674 -2.537726 
0.208408 -0.784076 -2.914662 
-2.07999 -1.830641 -2.482318 
-2.844906 -0.321332 -2.976532 
-1.094603 -2.095989 -4.75095 
-1.96654 -0.728629 -6.647432 
-2.85514 0.295894 -5.513628 
-1.08876 0.288901 -5.49786 
-3.217825 -3.239128 -4.12688 
-4.148281 -1.837534 -4.673253 
-3.230787 -2.796786 -5.838757 
-0.039337 2.315393 -0.200545 
-0.671783 3.714387 -1.16923 
-0.181157 4.311186 -0.588979 

0.0 0.0 0.0 
0.0 0.0 1.093261 
1.034819 0.0 -0.344674 
-0.501759 -0.905841 -0.353749 
-0.743931 1.237466 -0.515833 
-2.21058 1.308202 -0.095065 
-2.668269 2.199776 -0.523464 
-2.258038 1.394282 0.994839 
-2.771738 0.422057 -0.398026 
-0.658197 1.09665 -2.297848 
-0.939681 -0.191105 -2.813604 
-2.294066 -0.695283 -3.182249 
-2.391528 -1.201772 -4.64783 
-3.745411 -1.881125 -4.887917 
-2.152874 -0.069747 -5.654521 
0.366216 1.434745 -2.443221 
-1.376848 1.87504 -2.542549 
-0.120941 -0.901178 -2.921254 
-2.561775 -1.539205 -2.528527 
-3.047098 0.083144 -3.018222 
-1.604548 -1.954815 -4.78664 
-2.19963 -0.443765 -6.681156 
-2.913983 0.710906 -5.549254 
-1.175813 0.398381 -5.510699 
-3.902162 -2.717896 -4.200992 
-4.568383 -1.17263 -4.746006 
-3.813836 -2.267787 -5.90861 
-0.039337 2.315393 -0.200545 
-0.671783 3.714387 -1.16923 
-0.181157 4.311186 -0.588979 

0.0 0.0 0.0 
0.0 0.0 1.093261 
1.034819 0.0 -0.344674 
-0.501759 -0.905841 -0.353749 
-0.743931 1.237466 -0.515833 
-2.21058 1.308202 -0.095065 
-2.668269 2.199776 -0.523464 
-2.258038 1.394282 0.994839 
-2.771738 0.422057 -0.398026 
-0.658197 1.09665 -2.297848 
-1.150586 -0.119298 -2.829425 
-2.566286 -0.378972 -3.220341 
-2.728731 -0.850509 -4.69181 
-4.176067 -1.283716 -4.955844 
-2.283536 0.230321 -5.684519 
0.411221 1.253487 -2.426733 
-1.227888 1.989335 -2.544414 
-0.465445 -0.959498 -2.93322 
-2.985217 -1.168508 -2.578192 
-3.175711 0.516782 -3.058676 
-2.081849 -1.727315 -4.82758 
-2.379463 -0.122643 -6.715183 
-2.899686 1.130085 -5.58169 
-1.242437 0.521357 -5.523622 
-4.484963 -2.085637 -4.278992 
-4.866142 -0.444583 -4.817862 
-4.295604 -1.645429 -5.980967 
-0.039337 2.315393 -0.200545 
-0.671783 3.714387 -1.16923 
-0.181157 4.311186 -0.588979 

0.0 0.0 0.0 
0.0 0.0 1.093261 
1.034819 0.0 -0.344674 
-0.501759 -0.905841 -0.353749 
-0.743931 1.237466 -0.515833 
-2.21058 1.308202 -0.095065 
-2.668269 2.199776 -0.523464 
-2.258038 1.394282 0.994839 
-2.771738 0.422057 -0.398026 
-0.658197 1.09665 -2.297848 
-1.345654 -0.011983 -2.84729 
-2.779156 -0.020081 -3.258942 
-2.999474 -0.44591 -4.736807 
-4.495954 -0.620354 -5.023653 
-2.35992 0.548674 -5.71335 
0.423976 1.067063 -2.411388 
-1.061403 2.076152 -2.543265 
-0.814635 -0.957264 -2.950196 
-3.33745 -0.729812 -2.629804 
-3.226836 0.966408 -3.096665 
-2.512001 -1.4204 -4.872528 
-2.500573 0.224977 -6.748479 
-2.812684 1.540693 -5.609951 
-1.28661 0.654092 -5.536236 
-4.948521 -1.361563 -4.358511 
-5.032508 0.324487 -4.886639 
-4.661453 -0.948622 -6.053631 
-0.039337 2.315393 -0.200545 
-0.671783 3.714387 -1.16923 
-0.181157 4.311186 -0.588979 

0.0 0.0 0.0 
0.0 0.0 1.093261 
1.034819 0.0 -0.344674 
-0.501759 -0.905841 -0.353749 
-0.743931 1.237466 -0.515833 
-2.21058 1.308202 -0.095065 
-2.668269 2.199776 -0.523464 
-2.258038 1.394282 0.994839 
-2.771738 0.422057 -0.398026 
-0.658197 1.09665 -2.297848 
-1.518958 0.12758 -2.866656 
-2.926209 0.370487 -3.29688 
-3.19553 -0.00027 -4.781455 
-4.695353 0.088806 -5.089285 
-2.379702 0.875636 -5.740139 
0.404092 0.881139 -2.397653 
-0.882451 2.132854 -2.539136 
-1.157902 -0.894545 -2.971667 
-3.607772 -0.236447 -2.681795 
-3.198922 1.418358 -3.131036 
-2.881936 -1.043396 -4.920117 
-2.559282 0.588534 -6.780032 
-2.655618 1.930254 -5.633178 
-1.306988 0.792553 -5.548158 
-5.27875 -0.567675 -4.437133 
-5.062427 1.111211 -4.950246 
-4.900265 -0.198537 -6.124392 
-0.039337 2.315393 -0.200545 
-0.671783 3.714387 -1.16923 
-0.181157 4.311186 -0.588979 

0.0 0.0 0.0 
0.0 0.0 1.093261 
1.034819 0.0 -0.344674 
-0.501759 -0.905841 -0.353749 
-0.743931 1.237466 -0.515833 
-2.21058 1.308202 -0.095065 
-2.668269 2.199776 -0.523464 
-2.258038 1.394282 0.994839 
-2.771738 0.422057 -0.398026 
-0.658197 1.09665 -2.297848 
-1.665233 0.295149 -2.886935 
-3.002977 0.780864 -3.333002 
-3.310941 0.47287 -4.824395 
-4.768205 0.822217 -5.150745 
-2.342283 1.201276 -5.764071 
0.352175 0.701363 -2.385945 
-0.696469 2.157718 -2.532153 
-1.484816 -0.773245 -2.99698 
-3.787969 0.296597 -2.732586 
-3.092815 1.858902 -3.160743 
-3.180412 -0.607759 -4.968901 
-2.553806 0.956983 -6.808884 
-2.433263 2.286932 -5.650665 
-1.302952 0.932534 -5.559025 
-5.465617 0.271907 -4.512467 
-4.954991 1.891685 -5.006751 
-5.004786 0.582033 -6.191102 
-0.039337 2.315393 -0.200545 
-0.671783 3.714387 -1.16923 
-0.181157 4.311186 -0.588979 

0.0 0.0 0.0 
0.0 0.0 1.093261 
1.034819 0.0 -0.344674 
-0.501759 -0.905841 -0.353749 
-0.743931 1.237466 -0.515833 
-2.21058 1.308202 -0.095065 
-2.668269 2.199776 -0.523464 
-2.258038 1.394282 0.994839 
-2.771738 0.422057 -0.398026 
-0.658197 1.09665 -2.297848 
-1.780035 0.485634 -2.90751 
-3.007127 1.198581 -3.36621 
-3.342202 0.959136 -4.864324 
-4.712296 1.557593 -5.206165 
-2.2488 1.515696 -5.784419 
0.269802 0.533199 -2.376619 
-0.50911 2.149988 -2.522528 
-1.785443 -0.597052 -3.025366 
-3.872566 0.853123 -2.780633 
-2.91174 2.274654 -3.184884 
-3.398362 -0.126725 -5.017399 
-2.484309 1.319126 -6.834157 
-2.152373 2.59989 -5.661881 
-1.274624 1.06978 -5.568508 
-5.503443 1.131671 -4.582226 
-4.713462 2.642196 -5.054437 
-4.971839 1.369373 -6.251733 
-0.039337 2.315393 -0.200545 
-0.671783 3.714387 -1.16923 
-0.181157 4.311186 -0.588979 

0.0 0.0 0.0 
0.0 0.0 1.093261 
1.034819 0.0 -0.344674 
-0.501759 -0.905841 -0.353749 
-0.743931 1.237466 -0.515833 
-2.21058 1.308202 -0.095065 
-2.668269 2.199776 -0.523464 
-2.258038 1.394282 0.994839 
-2.771738 0.422057 -0.398026 
-0.658197 1.09665 -2.297848 
-1.859875 0.693246 -2.927757 
-2.938532 1.610945 -3.395495 
-3.288363 1.443752 -4.900029 
-4.529326 2.272591 -5.253862 
-2.102092 1.809345 -5.800565 
0.159475 0.381754 -2.36996 
-0.326065 2.109899 -2.510554 
-2.05065 -0.371317 -3.055963 
-3.858993 1.416221 -2.824477 
-2.661198 2.65298 -3.202726 
-3.529162 0.385091 -5.064136 
-2.352906 1.663961 -6.855085 
-1.821484 2.859617 -5.666486 
-1.222867 1.200123 -5.576317 
-5.391081 1.985495 -4.64429 
-4.345181 3.339939 -5.091854 
-4.802426 2.139559 -6.304443 
-0.039337 2.315393 -0.200545 
-0.671783 3.714387 -1.16923 
-0.181157 4.311186 -0.588979 

'WARNING: The zero of the relative energy is arbitrary minimum'

0	0.0
10	92.3652402014
20	257.38755706
30	443.491509676
40	600.268164635
50	708.25714539
60	732.938384533
70	762.243734688
80	972.785529047
90	1549.3570177
100	2467.05002478
110	3458.44700254
120	4205.7471485
130	4085.42830245
140	2782.32335742
150	1321.46509531
160	788.007422701
170	1153.03631268
180	1651.95087308
190	1765.26650316
200	1508.02533565
210	1146.72071071
220	877.312747538
230	763.176062912
240	833.029790163
250	1038.36345151
260	1284.46079457
270	1529.45769183
280	1723.5619337
290	1823.8038989
300	1731.24837422
310	1436.81766942
320	1028.38525687
330	600.420260549
340	250.023744226
350	46.7713607997
360	0.0
370	92.3652402014
380	257.38755706
390	443.491509676
400	600.268164635






