 C9H19            Molecular weight =127.250

 Heat of formation at 298K =  -13.701 (kcal/mol)

 B =   0.051 cm?1     Symmetric number =  1

 Internal rotation
 ===================================================
  No      Br       sigma    dim      Vr(kcal/mol)
 ===================================================


 Vibrational Frequencies (cm^-1)
 -------------------------------
         21.
         42.
         71.
         85.
         98.
        116.
        129.
        184.
        225.
        247.
        263.
        329.
        371.
        385.
        419.
        439.
        485.
        740.
        771.
        820.
        845.
        929.
        943.
        945.
        963.
        974.
        980.
       1003.
       1010.
       1036.
       1049.
       1091.
       1139.
       1190.
       1211.
       1256.
       1277.
       1292.
       1323.
       1333.
       1349.
       1361.
       1372.
       1390.
       1398.
       1403.
       1415.
       1422.
       1472.
       1477.
       1478.
       1481.
       1490.
       1491.
       1495.
       1497.
       1506.
       1507.
       1513.
       2919.
       2924.
       2977.
       2985.
       2993.
       3012.
       3013.
       3017.
       3018.
       3022.
       3023.
       3025.
       3060.
       3070.
       3071.
       3072.
       3078.
       3083.
       3093.
 -------------------------------


1
   T(K)       Cp(cal/mol/K)   S(cal/mol/K)  [H(T)-H(298K)](kcal/mol)
 -----------------------------------------------------------------
   50.00          0.000          0.000            -8.450
  100.00         25.016         77.142            -7.157
  200.00         36.017         98.000            -4.085
  298.15         47.638        114.465             0.000
  300.00         47.879        114.760             0.088
  350.00         54.529        122.637             2.648
  400.00         61.224        130.357             5.542
  450.00         67.699        137.945             8.766
  500.00         73.809        145.397            12.306
  500.00         73.809        145.397            12.306
  550.00         79.501        152.702            16.140
  600.00         84.773        159.849            20.249
  650.00         89.650        166.830            24.611
  700.00         94.164        173.641            29.208
  750.00         98.348        180.282            34.022
  800.00        102.230        186.755            39.038
  850.00        105.837        193.062            44.240
  900.00        109.191        199.207            49.617
  950.00        112.311        205.196            55.156
 1000.00        115.214        211.031            60.845
 1100.00        120.434        222.263            72.633
 1200.00        124.960        232.941            84.908
 1300.00        128.890        243.102            97.605
 1400.00        132.308        252.782           110.669
 1500.00        135.286        262.014           124.052
 1600.00        137.889        270.830           137.714
 1700.00        140.169        279.259           151.619
 1800.00        142.174        287.329           165.738
 1900.00        143.942        295.064           180.046
 2000.00        145.507        302.488           194.520
 2100.00        146.896        309.622           209.142
 2200.00        148.133        316.484           223.894
 2300.00        149.239        323.094           238.764
 2400.00        150.231        329.467           253.738
 2500.00        151.122        335.618           268.807
 2600.00        151.927        341.561           283.960
 2700.00        152.654        347.309           299.189
 2800.00        153.314        352.873           314.488
 2900.00        153.915        358.263           329.850
 3000.00        154.462        363.491           345.270
 -----------------------------------------------------------------
1
 High temperature

     Input value
     ------------


 No.Points =   20    Gas constant=      1.9871     Enthalpy of formation=   -13.7013



 Cpo at To=       115.214     H-H298 at To=     60844.539     Sto at To=       211.031






     TEMP.          H-H298          Pred/Correct          Sto          Pred/Correct          Cpo          Pred/Correct
     -----          ------          ------------          ---          ------------          ---          ------------

       1100.0      72633.1563             0.9998          222.2630           0.9999          120.4336           0.9980
       1200.0      84908.2031             0.9995          232.9408           0.9998          124.9600           0.9975
       1300.0      97605.2891             0.9992          243.1018           0.9997          128.8900           0.9978
       1400.0     110669.1172             0.9991          252.7816           0.9997          132.3076           0.9987
       1500.0     124052.1875             0.9991          262.0137           0.9997          135.2861           0.9996
       1600.0     137713.8125             0.9992          270.8299           0.9997          137.8886           1.0005
       1700.0     151619.1875             0.9994          279.2592           0.9997          140.1691           1.0012
       1800.0     165738.4531             0.9996          287.3290           0.9998          142.1739           1.0017
       1900.0     180046.0781             0.9997          295.0643           0.9998          143.9420           1.0018
       2000.0     194520.0781             0.9999          302.4882           0.9999          145.5066           1.0017
       2100.0     209141.5469             1.0000          309.6218           0.9999          146.8957           1.0014
       2200.0     223894.1719             1.0001          316.4844           0.9999          148.1332           1.0008
       2300.0     238763.7969             1.0001          323.0941           0.9999          149.2391           1.0002
       2400.0     253738.1875             1.0001          329.4670           0.9999          150.2307           0.9995
       2500.0     268806.6250             1.0000          335.6181           0.9999          151.1224           0.9990
       2600.0     283959.7500             1.0000          341.5612           0.9999          151.9268           0.9986
       2700.0     299189.4063             0.9999          347.3088           0.9999          152.6544           0.9986
       2800.0     314488.3750             0.9999          352.8726           0.9999          153.3144           0.9991
       2900.0     329850.3125             0.9998          358.2632           0.9999          153.9146           1.0001
       3000.0     345269.5313             0.9999          363.4905           0.9999          154.4619           1.0019
     -----------------------------------------------------------------------------------------------------------------




     Least square coefficients
     -------------------------
     A(1)=  0.14330556E+02

     A(2)=  0.64192072E-01

     A(3)= -0.23941791E-04

     A(4)=  0.34974483E-08

     A(5)= -0.98547405E-13

     A6=-0.15576604E+05

     A7=-0.46156395E+02

     Lambdao= 0.46486095E+00

     Lambda1= 0.15419297E+00

     Lambda2= 0.47061777E+00


     -----------------------------------------------------------------------------------------------------------------
     NER= 1
     -----------------------------------------------------------------------------------------------------------------
1
     1100. K to     3000. K
 0.14330556E+02 0.64192072E-01-0.23941791E-04 0.34974483E-08-0.98547405E-13
-0.15576604E+05-0.46156395E+02
                               0.14330556E+02 0.64192072E-01-0.23941791E-04
 0.34974483E-08-0.98547405E-13-0.15576604E+05-0.46156395E+02



 Low temperature


     Input value
     ------------


 No.Points =   15    Gas constant=      1.9871     Enthalpy of formation=   -13.7013



 Cpo at To=       115.214     H-H298 at To=     60844.539     Sto at To=       211.031






     TEMP.          H-H298          Pred/Correct          Sto          Pred/Correct          Cpo          Pred/Correct
     -----          ------          ------------          ---          ------------          ---          ------------

        300.0         88.3538             0.9511          114.7600           0.9998           47.8788           0.9975
        350.0       2647.6594             0.9992          122.6372           0.9999           54.5290           1.0024
        400.0       5541.9380             1.0008          130.3568           1.0000           61.2238           1.0016
        450.0       8766.3018             1.0008          137.9448           1.0001           67.6987           1.0000
        500.0      12305.6797             1.0004          145.3974           1.0001           73.8090           0.9991
        500.0      12305.6797             1.0004          145.3974           1.0001           73.8090           0.9991
        550.0      16140.1982             1.0001          152.7025           1.0000           79.5008           0.9991
        600.0      20248.7617             0.9999          159.8490           1.0000           84.7733           0.9996
        650.0      24610.9375             0.9999          166.8296           1.0000           89.6504           1.0003
        700.0      29207.7500             1.0000          173.6407           1.0000           94.1645           1.0007
        750.0      34021.8750             1.0001          180.2818           1.0000           98.3480           1.0007
        800.0      39037.5352             1.0002          186.7546           1.0000          102.2304           1.0004
        850.0      44240.3281             1.0002          193.0618           1.0000          105.8374           0.9999
        900.0      49617.0508             1.0001          199.2074           1.0000          109.1911           0.9994
        950.0      55155.5391             1.0000          205.1956           1.0000          112.3110           0.9993
     -----------------------------------------------------------------------------------------------------------------




     Least square coefficients
     -------------------------
     A(1)=  0.27713370E+01

     A(2)=  0.65327346E-01

     A(3)=  0.41662948E-04

     A(4)= -0.88084022E-07

     A(5)=  0.36302152E-10

     A6=-0.10838025E+05

     A7= 0.21181206E+02

     Lambdao= 0.37281528E-01

     Lambda1=-0.33846661E-01

     Lambda2=-0.10525316E-01


     -----------------------------------------------------------------------------------------------------------------
     NER= 1
     -----------------------------------------------------------------------------------------------------------------
1
      300. K to      950. K
 0.27713370E+01 0.65327346E-01 0.41662948E-04-0.88084022E-07 0.36302152E-10
-0.10838025E+05 0.21181206E+02
                               0.27713370E+01 0.65327346E-01 0.41662948E-04
-0.88084022E-07 0.36302152E-10-0.10838025E+05 0.21181206E+02
