C9H19O2         N        (N for nonlinear, L for linear)
30 159.249          Number of atoms, molecular weight
-31.9317088495				Enthalpy of formation at the standard state!kcal
0.0295001111111 1    Rotational constat (cm-1), symmetry number
1         Statistical weight
0         Number of internal rotor, Br, sigma, dim, vr 
24.9567
38.4189
55.9887
88.013
118.8564
143.7638
183.4814
209.0309
223.9829
228.7372
247.3379
258.0423
280.3349
304.6129
315.0264
380.7245
410.5728
417.0122
425.4412
461.6817
496.709
552.1391
599.7808
750.7509
814.3032
850.2514
891.3988
925.1881
928.4211
935.0727
944.1789
959.5351
966.3402
1021.8448
1031.5007
1051.2917
1056.1944
1117.6511
1143.4034
1163.0102
1181.9407
1191.3564
1237.6056
1270.949
1305.759
1325.138
1333.4896
1354.2496
1361.5236
1366.0624
1375.3978
1392.9702
1400.2572
1403.2332
1410.2743
1422.8217
1462.814
1476.3853
1489.3246
1494.0309
1496.0395
1501.9078
1505.9164
1507.0499
1514.3255
2985.9589
2999.6284
3012.8156
3013.1105
3018.0768
3019.3952
3027.2624
3037.4626
3062.0227
3071.92
3079.1698
3083.0847
3087.2787
3090.0041
3093.6525
3104.7361
3125.093
3229.0512
3643.8981
