UNITS:KCAL
38              Hf     S    Cp:300   400    500   600    800   1000   1500  
O/C/PO,        -36.8    8.2    2.8    2.90   3      3.27   3.4    3.6    3.6     
O/O/PO,        -36.8    8.2    2.8    2.90   3      3.27   3.4    3.6    3.6    T.jayaeera assgn o/c/po 11/18/2002     
O/H/PO,        -54.9   27.9    4.7    5.10   5.5    6.10   6.4    6.8    7.1                                             
O/(PO)2,       -56.4    1.8    6.2    6.25   6.3    6.37   6.4    6.5    8.4                                             
O/H/PS,        -39.5   27.9    4.7    5.10   5.5    6.10   6.4    6.8    7.1     Hf Mopac/ S, Cp o/h/po 
C/C/H2/PO,      -5.2    3.     3.9    5.75   7.6    9.07   9.8   12.1   13.4                                             
C/H3/PO,        -9.95  28.1    6.19   7.80   9.4   11.82  13.03  14.77  14.9  
C/H3/PS,        -9.95  28.1    6.19   7.80   9.4   11.82  13.03  14.77  14.9      Assigned c/h3/po
N/H2/PO,       -14.9   24.69   4.07   5.60   7.13   9.02   9.96  11.22  14.5                                             
N/C/H/PO,       -3.2    4.4    3.1    4.45   5.8    7.27   8      8.9   11.5                                             
N/C2/PO,         8.6  -17.3    4.5    5.85   7.2    8.20   8.7    8.9   11.5                                             
S/C/PO,          6.4   11.3    5.4    5.45   5.5    5.23   5.1    4.4    3.9                                             
S/H/PO,         -1.4   31.2    7.63   7.88   8.12   8.37   8.5    8.24   8.2 
PO/H2/O,       -83.2   39.7    9.5   11.85  14.2   16.87  18.2   19.5   21.5 
PO/H/O2,       -91.1   19.2    9.3   10.90  12.5   14.03  14.8   15.6   17.5 
PO/C/H/O,      -74.3   23.1    9.5   11.05  12.6   14.47  15.4   16.1   16.1 
PO/C/H/S       -57.62  22.40  10.02  12.23  13.68  13.96  16.43  17.84  18.50
PO/C/O2,       -92.7    0.3    9.3   10.75  12.2   12.87  13.2   13.3   13.4 
PO/C/N/O,      -70.3    4.8    9.9   10.75  11.6   11.60  11.6   11.5   13   
PO/C/O/S,      -64.9    1.6    6.9    8.35   9.8   11.00  11.6   12.4   16.1       jwb = select low #
PO/C/F/H,     -138.    49.3   12.1   13.40  14.7   17.03  18.2   19     22.7 
PO/CN/C/O,     -46.3   30.9   15.4   17.10  18.8   19.93  20.5   21     25   
PO/CN/N/O,     -42.    33.7   17.1   18.35  19.6   20.20  20.5   20.9   20.6 
PO/N/O2,       -94.5   -0.5    9.6   10.70  11.8   12.13  12.3   12.3   11.7 
PO/C/CL/O,    -109.6   35.3   14.7   16.20  17.7   18.70  19.2   19.7   23.4 
PO/C/CL2,     -119.8   59.8   17.4   18.70  20     21.00  21.5   21.9   25.1 
PO/C/F/O,     -160.6   24.7   11.4   13.00  14.6   15.60  16.1   16.5   19.7 
PO/C/F2,      -232.    54.4   15.3   16.95  18.6   20.00  20.7   21.4   24.8 
PO/F/H/O,     -157.5   47.7   12.6   14.70  16.8   18.87  19.9   21.9   22.1 
PO/F/O2,      -173.1   20.6   12.1   13.75  15.4   16.20  16.6   17     18.2 
PO/O3,        -106.4   -0.2    9.1   10.35  11.6   12.47  12.9   13.2   13.2 
PS/C/O2,      -47.19    0.3    9.3   10.75  12.2   12.87  13.2   13.3   13.4       Hf Mopac/s,Cp po/co2
PODS/C         -33.17  47.88  12.62  13.88  14.56  13.94  15.40  15.59  15.7
PS/O3          -32.38  -0.55  12.25  14.33  15.34  15.05  16.08  16.20  16.3
PO/O2/S        -80.41  -2.70   9.65  11.96  13.28  13.50  14.97  15.85  16.25
PS/C/H/O        -7.09  23.00  11.22  13.35  14.68  14.29  16.65  17.26  17.61
PS/H/O2        -21.94  19.07  11.12  13.52  15.05  15.54  17.20  17.89  18.35     jwb - mop
dum3             0.0    0.0    0.0    0.0    0 0    0.0    0.0    0.0    0.0     dummyt 





duplicates ??  
PO/C/O/S,      -63.9    1.6    6.9    8.35   9.8   11.00  11.6   12.4   16.1 
                                          
