C9H18O         N        (N for nonlinear, L for linear)
28 159.249          Number of atoms, molecular weight
-87.7986103946				Enthalpy of formation at the standard state!kcal
0.0435076666667 1    Rotational constat (cm-1), symmetry number
1         Statistical weight
0         Number of internal rotor, Br, sigma, dim, vr 
38.0544
76.0254
128.911
181.8627
220.0999
220.9267
239.8732
251.7612
290.8874
303.2138
353.2555
357.1809
377.2099
445.4456
457.9494
485.9364
600.2209
695.6619
753.2308
799.951
863.046
892.491
912.7464
921.7261
935.7606
953.7287
965.5375
975.3487
1000.6895
1020.8914
1041.6923
1060.1487
1111.7538
1144.7765
1170.0152
1188.9016
1206.2889
1245.2863
1261.686
1265.2872
1318.8998
1321.3181
1335.6489
1346.0264
1358.9916
1396.9467
1400.0936
1404.9776
1415.9719
1421.7942
1477.9224
1487.5809
1491.2094
1492.8595
1495.8931
1499.8108
1506.7669
1509.0149
1514.5262
1516.4858
2951.9111
2999.9403
3016.604
3022.1732
3027.2638
3032.6805
3045.1972
3055.2861
3073.5217
3078.7252
3081.8465
3090.3039
3091.7656
3096.654
3099.0392
3104.1605
3106.8404
3121.8426
