C9H19O2         N        (N for nonlinear, L for linear)
30 159.249          Number of atoms, molecular weight
-39.4191581695				Enthalpy of formation at the standard state!kcal
0.0322226666667 1    Rotational constat (cm-1), symmetry number
1         Statistical weight
0         Number of internal rotor, Br, sigma, dim, vr 
20.7217
40.5608
58.9795
91.6354
92.5223
123.1215
149.5236
152.5348
185.7932
228.6572
239.3257
245.5272
255.1594
281.49
331.189
344.3443
385.2199
400.2357
424.8176
451.7526
571.7144
591.3168
764.377
811.7094
824.1009
855.45
883.3023
931.0162
939.9627
953.4614
965.135
975.5764
987.0805
1007.8304
1019.2213
1036.2601
1066.7979
1131.0967
1154.1863
1188.3588
1194.8619
1256.9152
1275.3771
1293.2581
1317.0566
1334.415
1347.8591
1356.2712
1373.4126
1386.1754
1390.514
1396.0602
1402.8756
1412.8029
1421.9364
1468.3074
1471.8234
1476.9982
1482.2822
1488.0651
1491.4356
1497.8192
1500.7754
1506.7398
1514.6255
2926.3213
2935.7684
2999.8655
3010.0251
3011.1803
3015.0171
3022.1947
3024.662
3036.1141
3040.6141
3056.3781
3065.0608
3069.0231
3070.7777
3071.9039
3080.6031
3084.6268
3090.7281
3779.6486
