C9H19O2         N        (N for nonlinear, L for linear)
30 159.249          Number of atoms, molecular weight
-49.5904677595				Enthalpy of formation at the standard state!kcal
0.0292706666667 1    Rotational constat (cm-1), symmetry number
1         Statistical weight
0         Number of internal rotor, Br, sigma, dim, vr 
24.9225
38.5315
51.7281
70.3862
96.0598
126.2966
199.7454
216.9138
229.0629
235.1938
241.0297
257.6244
306.7956
317.3334
377.5157
400.0836
414.2709
446.1201
476.3178
480.8524
568.6452
742.3888
815.4759
850.2279
860.8275
929.5986
934.7844
937.5488
946.5145
963.6312
967.8532
994.546
1032.617
1055.7265
1108.0885
1136.4424
1144.1698
1183.3421
1190.9075
1194.1312
1203.8287
1241.1684
1278.2416
1313.7441
1324.0671
1338.1081
1347.8334
1368.6519
1372.8547
1387.6548
1399.8014
1402.8651
1408.1831
1423.0602
1426.4419
1475.7431
1488.6847
1491.1623
1494.1485
1498.0619
1501.2461
1507.2343
1508.2783
1513.5613
1516.8613
2987.2375
3002.7154
3010.1211
3014.3171
3019.5079
3022.2088
3024.0539
3029.5843
3058.1472
3065.4743
3073.7662
3080.6329
3083.2987
3084.622
3088.2423
3090.4783
3091.66
3105.9149
3119.6852
