C9H19O2         N        (N for nonlinear, L for linear)
30 159.249          Number of atoms, molecular weight
-35.8536463495				Enthalpy of formation at the standard state!kcal
0.0287958888889 1    Rotational constat (cm-1), symmetry number
1         Statistical weight
0         Number of internal rotor, Br, sigma, dim, vr 
26.1026
39.7353
52.0346
72.4565
87.2294
110.7759
116.5086
132.6323
196.1956
214.767
225.9569
249.3654
279.553
283.7975
307.8855
356.1047
373.7487
403.6143
414.5847
440.1059
496.3434
573.2382
744.6232
778.4018
848.2312
885.9499
930.5632
934.8386
942.9684
949.1222
966.0293
977.2517
982.1414
1011.3516
1031.3375
1038.6432
1063.45
1132.2619
1143.7614
1191.4621
1195.5003
1255.3814
1284.3225
1299.2278
1323.4499
1337.1315
1348.9232
1356.7144
1362.9373
1373.3902
1393.5648
1398.5726
1400.6826
1415.3369
1422.331
1470.562
1471.9993
1477.9426
1481.7737
1491.9012
1495.6441
1498.6191
1499.8308
1507.7096
1524.4315
2920.6526
2925.592
2972.2015
2999.1862
3020.0696
3022.749
3023.6617
3025.2944
3027.3147
3037.2637
3058.4435
3070.0165
3073.8153
3078.3795
3081.0386
3086.6418
3092.1924
3097.0745
3772.5454
