 C9H19O2          Molecular weight =159.249

 Heat of formation at 298K =  -31.177 (kcal/mol)

 B =   0.030 cm?1     Symmetric number =  1

 Internal rotation
 ===================================================
  No      Br       sigma    dim      Vr(kcal/mol)
 ===================================================


 Vibrational Frequencies (cm^-1)
 -------------------------------
         17.
         35.
         62.
         77.
        106.
        117.
        165.
        183.
        212.
        219.
        224.
        245.
        251.
        255.
        347.
        375.
        398.
        443.
        452.
        483.
        511.
        659.
        755.
        796.
        828.
        862.
        922.
        928.
        945.
        953.
        960.
        969.
       1002.
       1033.
       1048.
       1093.
       1106.
       1122.
       1165.
       1188.
       1193.
       1226.
       1259.
       1282.
       1293.
       1314.
       1322.
       1355.
       1361.
       1370.
       1385.
       1391.
       1401.
       1412.
       1420.
       1425.
       1459.
       1471.
       1488.
       1492.
       1497.
       1499.
       1505.
       1506.
       1513.
       2940.
       2947.
       2983.
       2984.
       3002.
       3012.
       3017.
       3019.
       3029.
       3041.
       3065.
       3071.
       3078.
       3083.
       3090.
       3091.
       3106.
       3147.
       3769.
 -------------------------------


1
   T(K)       Cp(cal/mol/K)   S(cal/mol/K)  [H(T)-H(298K)](kcal/mol)
 -----------------------------------------------------------------
   50.00          0.000          0.000            -9.605
  100.00         27.438         81.020            -8.233
  200.00         41.657        104.648            -4.743
  298.15         55.273        123.762             0.000
  300.00         55.545        124.105             0.103
  350.00         62.946        133.222             3.065
  400.00         70.248        142.107             6.395
  450.00         77.205        150.787            10.083
  500.00         83.693        159.262            14.108
  500.00         83.693        159.262            14.108
  550.00         89.677        167.523            18.444
  600.00         95.174        175.565            23.068
  650.00        100.222        183.385            27.954
  700.00        104.866        190.985            33.083
  750.00        109.149        198.368            38.435
  800.00        113.109        205.540            43.993
  850.00        116.777        212.509            49.741
  900.00        120.179        219.281            55.666
  950.00        123.339        225.864            61.755
 1000.00        126.277        232.267            67.996
 1100.00        131.554        244.555            80.894
 1200.00        136.129        256.203            94.283
 1300.00        140.103        267.260           108.100
 1400.00        143.563        277.772           122.287
 1500.00        146.581        287.782           136.798
 1600.00        149.221        297.328           151.591
 1700.00        151.538        306.446           166.631
 1800.00        153.577        315.167           181.889
 1900.00        155.377        323.519           197.338
 2000.00        156.971        331.530           212.957
 2100.00        158.388        339.224           228.727
 2200.00        159.652        346.622           244.630
 2300.00        160.782        353.744           260.653
 2400.00        161.796        360.609           276.782
 2500.00        162.708        367.232           293.008
 2600.00        163.532        373.630           309.321
 2700.00        164.277        379.816           325.712
 2800.00        164.954        385.803           342.174
 2900.00        165.569        391.602           358.701
 3000.00        166.131        397.225           375.286
 -----------------------------------------------------------------
1
 High temperature

     Input value
     ------------


 No.Points =   20    Gas constant=      1.9871     Enthalpy of formation=   -31.1768



 Cpo at To=       126.277     H-H298 at To=     67996.039     Sto at To=       232.267






     TEMP.          H-H298          Pred/Correct          Sto          Pred/Correct          Cpo          Pred/Correct
     -----          ------          ------------          ---          ------------          ---          ------------

       1100.0      80893.9063             0.9998          244.5555           0.9999          131.5538           0.9982
       1200.0      94283.4453             0.9996          256.2030           0.9999          136.1290           0.9978
       1300.0     108099.6875             0.9993          267.2598           0.9998          140.1033           0.9981
       1400.0     122286.9453             0.9992          277.7721           0.9997          143.5627           0.9988
       1500.0     136797.5469             0.9992          287.7822           0.9997          146.5810           0.9997
       1600.0     151590.5625             0.9993          297.3285           0.9997          149.2213           1.0005
       1700.0     166631.0156             0.9995          306.4460           0.9998          151.5378           1.0011
       1800.0     181888.8906             0.9996          315.1666           0.9998          153.5766           1.0015
       1900.0     197338.3906             0.9998          323.5193           0.9998          155.3766           1.0016
       2000.0     212957.3594             0.9999          331.5304           0.9999          156.9711           1.0015
       2100.0     228726.6875             1.0000          339.2240           0.9999          158.3881           1.0012
       2200.0     244629.8750             1.0001          346.6219           0.9999          159.6516           1.0007
       2300.0     260652.5938             1.0001          353.7441           0.9999          160.7817           1.0001
       2400.0     276782.3438             1.0001          360.6087           0.9999          161.7957           0.9996
       2500.0     293008.3438             1.0000          367.2324           0.9999          162.7082           0.9991
       2600.0     309321.0313             1.0000          373.6302           0.9999          163.5318           0.9988
       2700.0     325712.0938             0.9999          379.8162           0.9999          164.2773           0.9988
       2800.0     342174.1875             0.9999          385.8030           0.9999          164.9538           0.9992
       2900.0     358700.8438             0.9999          391.6023           0.9999          165.5694           1.0001
       3000.0     375286.2500             0.9999          397.2250           0.9999          166.1310           1.0017
     -----------------------------------------------------------------------------------------------------------------




     Least square coefficients
     -------------------------
     A(1)=  0.18942684E+02

     A(2)=  0.66081285E-01

     A(3)= -0.25263947E-04

     A(4)=  0.39409036E-08

     A(5)= -0.15399937E-12

     A6=-0.25987781E+05

     A7=-0.68691597E+02

     Lambdao= 0.44359231E+00

     Lambda1= 0.14773273E+00

     Lambda2= 0.45082808E+00


     -----------------------------------------------------------------------------------------------------------------
     NER= 1
     -----------------------------------------------------------------------------------------------------------------
1
     1100. K to     3000. K
 0.18942684E+02 0.66081285E-01-0.25263947E-04 0.39409036E-08-0.15399937E-12
-0.25987781E+05-0.68691597E+02
                               0.18942684E+02 0.66081285E-01-0.25263947E-04
 0.39409036E-08-0.15399937E-12-0.25987781E+05-0.68691597E+02



 Low temperature


     Input value
     ------------


 No.Points =   15    Gas constant=      1.9871     Enthalpy of formation=   -31.1768



 Cpo at To=       126.277     H-H298 at To=     67996.039     Sto at To=       232.267






     TEMP.          H-H298          Pred/Correct          Sto          Pred/Correct          Cpo          Pred/Correct
     -----          ------          ------------          ---          ------------          ---          ------------

        300.0        102.5076             0.9696          124.1052           0.9999           55.5449           0.9984
        350.0       3064.5215             0.9998          133.2225           0.9999           62.9458           1.0020
        400.0       6395.3770             1.0008          142.1071           1.0000           70.2477           1.0011
        450.0      10083.4756             1.0006          150.7870           1.0001           77.2051           0.9997
        500.0      14108.0137             1.0003          159.2615           1.0000           83.6932           0.9991
        500.0      14108.0137             1.0003          159.2615           1.0000           83.6932           0.9991
        550.0      18444.3633             1.0000          167.5229           1.0000           89.6771           0.9993
        600.0      23067.5879             0.9999          175.5649           1.0000           95.1735           0.9999
        650.0      27954.2402             1.0000          183.3851           1.0000          100.2215           1.0005
        700.0      33083.0156             1.0001          190.9846           1.0000          104.8659           1.0008
        750.0      38434.8203             1.0002          198.3676           1.0000          109.1493           1.0008
        800.0      43992.5547             1.0002          205.5400           1.0001          113.1090           1.0004
        850.0      49740.8516             1.0002          212.5087           1.0001          116.7766           0.9998
        900.0      55665.8047             1.0001          219.2810           1.0000          120.1792           0.9993
        950.0      61754.7305             1.0000          225.8644           1.0000          123.3394           0.9992
     -----------------------------------------------------------------------------------------------------------------




     Least square coefficients
     -------------------------
     A(1)=  0.27833974E+01

     A(2)=  0.84119104E-01

     A(3)=  0.18683389E-04

     A(4)= -0.76907163E-07

     A(5)=  0.34868212E-10

     A6=-0.20288936E+05

     A7= 0.21115114E+02

     Lambdao= 0.54102913E-01

     Lambda1=-0.54778308E-01

     Lambda2=-0.15582394E-01


     -----------------------------------------------------------------------------------------------------------------
     NER= 1
     -----------------------------------------------------------------------------------------------------------------
1
      300. K to      950. K
 0.27833974E+01 0.84119104E-01 0.18683389E-04-0.76907163E-07 0.34868212E-10
-0.20288936E+05 0.21115114E+02
                               0.27833974E+01 0.84119104E-01 0.18683389E-04
-0.76907163E-07 0.34868212E-10-0.20288936E+05 0.21115114E+02
