简单的阿伦尼乌斯自动拟合小程序

使用步骤
1.	填写template.name。
指定实际计算的需要拟合的温度范围（只改line 6和line12，其他行不用修改，用于别的功能）
e.g.
temperature list: [input: list of numbers]
298.15 300 400	450	500	550	600	650	700	750	800 850 900 1000 1100 1200 1300 1400 1500 1600 1700 1800 1900 2000 2100 2200 2300 2400 2500
fitting temperature range (lowT=<T<=highT): [input: lowT, highT]
400 900

2.	填写template.xls中的rate sheet。
e.g.
Name		T(K)	k(T) [s^(-1)*(molecule/cm^-3)^(-sigma_miu)]
TS_216		298.15	0.000001127
	300		0.0000015
	400		0.1616
	450		7.946
	500		182
	550		2385
	600		20530
	650		127700
	700		614500
	750		2408000
	800		7981000
	850		23030000
	900		59170000
	1000	295600000
	1100	1107000000
	1200	3337000000
	1300	8504000000
	1400	18990000000
	1500	38150000000
	1600	70280000000
	1700	1.206E+11
	1800	1.95E+11
	1900	2.998E+11
	2000	4.418E+11
	2100	6.275E+11
	2200	8.635E+11
	2300	1.156E+12
	2400	1.511E+12
	2500	1.932E+12

3. 双击calculateRate.dat，结果在template.xls的rate_fit中。
