 C6H12            Molecular weight = 84.161

 Heat of formation at 298K =  -12.816 (kcal/mol)

 B =   0.116 cm?1     Symmetric number =  1

 Internal rotation
 ===================================================
  No      Br       sigma    dim      Vr(kcal/mol)
 ===================================================


 Vibrational Frequencies (cm^-1)
 -------------------------------
         82.
         97.
        215.
        228.
        252.
        342.
        387.
        428.
        449.
        634.
        830.
        885.
        921.
        936.
        945.
        966.
        976.
       1032.
       1058.
       1132.
       1189.
       1197.
       1263.
       1303.
       1329.
       1368.
       1371.
       1403.
       1421.
       1453.
       1479.
       1490.
       1496.
       1505.
       1511.
       1707.
       2990.
       2995.
       3013.
       3019.
       3037.
       3072.
       3079.
       3084.
       3097.
       3108.
       3125.
       3206.
 -------------------------------


1
   T(K)       Cp(cal/mol/K)   S(cal/mol/K)  [H(T)-H(298K)](kcal/mol)
 -----------------------------------------------------------------
   50.00          0.000          0.000            -5.110
  100.00         14.868         61.360            -4.427
  200.00         22.288         74.009            -2.560
  298.15         30.096         84.319             0.000
  300.00         30.254         84.505             0.056
  350.00         34.603         89.495             1.677
  400.00         38.925         94.399             3.516
  450.00         43.066         99.225             5.566
  500.00         46.948        103.965             7.818
  500.00         46.948        103.965             7.818
  550.00         50.546        108.611            10.256
  600.00         53.867        113.153            12.868
  650.00         56.931        117.588            15.639
  700.00         59.762        121.912            18.557
  750.00         62.384        126.125            21.612
  800.00         64.816        130.230            24.792
  850.00         67.075        134.228            28.090
  900.00         69.178        138.122            31.497
  950.00         71.135        141.916            35.006
 1000.00         72.958        145.611            38.608
 1100.00         76.240        152.723            46.072
 1200.00         79.092        159.481            53.842
 1300.00         81.575        165.913            61.878
 1400.00         83.737        172.039            70.146
 1500.00         85.626        177.882            78.617
 1600.00         87.279        183.462            87.264
 1700.00         88.729        188.798            96.066
 1800.00         90.006        193.906           105.004
 1900.00         91.134        198.804           114.062
 2000.00         92.132        203.504           123.226
 2100.00         93.020        208.021           132.485
 2200.00         93.811        212.367           141.827
 2300.00         94.519        216.553           151.244
 2400.00         95.154        220.589           160.728
 2500.00         95.725        224.485           170.273
 2600.00         96.241        228.250           179.872
 2700.00         96.708        231.891           189.519
 2800.00         97.131        235.416           199.212
 2900.00         97.516        238.831           208.944
 3000.00         97.868        242.143           218.714
 -----------------------------------------------------------------
1
 High temperature

     Input value
     ------------


 No.Points =   20    Gas constant=      1.9871     Enthalpy of formation=   -12.8156



 Cpo at To=        72.958     H-H298 at To=     38608.438     Sto at To=       145.611






     TEMP.          H-H298          Pred/Correct          Sto          Pred/Correct          Cpo          Pred/Correct
     -----          ------          ------------          ---          ------------          ---          ------------

       1100.0      46072.1641             0.9998          152.7226           1.0000           76.2398           0.9983
       1200.0      53842.0977             0.9996          159.4815           0.9999           79.0924           0.9978
       1300.0      61878.3086             0.9994          165.9126           0.9998           81.5745           0.9982
       1400.0      70146.3750             0.9993          172.0389           0.9997           83.7375           0.9989
       1500.0      78616.6641             0.9993          177.8820           0.9997           85.6260           0.9997
       1600.0      87263.7188             0.9993          183.4621           0.9997           87.2788           1.0005
       1700.0      96065.6797             0.9995          188.7979           0.9998           88.7294           1.0011
       1800.0     105003.8125             0.9996          193.9064           0.9998           90.0062           1.0014
       1900.0     114061.9531             0.9998          198.8036           0.9999           91.1337           1.0016
       2000.0     123226.2500             0.9999          203.5041           0.9999           92.1324           1.0014
       2100.0     132484.7188             1.0000          208.0211           0.9999           93.0199           1.0011
       2200.0     141827.0313             1.0001          212.3670           0.9999           93.8112           1.0007
       2300.0     151244.1875             1.0001          216.5530           1.0000           94.5189           1.0001
       2400.0     160728.3906             1.0001          220.5893           1.0000           95.1539           0.9996
       2500.0     170272.8438             1.0000          224.4855           0.9999           95.7253           0.9992
       2600.0     179871.5781             1.0000          228.2501           0.9999           96.2409           0.9989
       2700.0     189519.3906             0.9999          231.8912           0.9999           96.7076           0.9989
       2800.0     199211.6563             0.9999          235.4160           0.9999           97.1311           0.9993
       2900.0     208944.3281             0.9999          238.8313           0.9999           97.5164           1.0001
       3000.0     218713.8125             0.9999          242.1432           0.9999           97.8678           1.0015
     -----------------------------------------------------------------------------------------------------------------




     Least square coefficients
     -------------------------
     A(1)=  0.85205660E+01

     A(2)=  0.42146575E-01

     A(3)= -0.16584807E-04

     A(4)=  0.27703739E-08

     A(5)= -0.13791160E-12

     A6=-0.11750771E+05

     A7=-0.20324646E+02

     Lambdao= 0.25265735E+00

     Lambda1= 0.83543733E-01

     Lambda2= 0.25513411E+00


     -----------------------------------------------------------------------------------------------------------------
     NER= 1
     -----------------------------------------------------------------------------------------------------------------
1
     1100. K to     3000. K
 0.85205660E+01 0.42146575E-01-0.16584807E-04 0.27703739E-08-0.13791160E-12
-0.11750771E+05-0.20324646E+02
                               0.85205660E+01 0.42146575E-01-0.16584807E-04
 0.27703739E-08-0.13791160E-12-0.11750771E+05-0.20324646E+02



 Low temperature


     Input value
     ------------


 No.Points =   15    Gas constant=      1.9871     Enthalpy of formation=   -12.8156



 Cpo at To=        72.958     H-H298 at To=     38608.438     Sto at To=       145.611






     TEMP.          H-H298          Pred/Correct          Sto          Pred/Correct          Cpo          Pred/Correct
     -----          ------          ------------          ---          ------------          ---          ------------

        300.0         55.8242             0.9544           84.5052           0.9999           30.2544           0.9978
        350.0       1676.9412             0.9993           89.4946           0.9999           34.6027           1.0023
        400.0       3515.6147             1.0008           94.3985           1.0000           38.9246           1.0015
        450.0       5566.3506             1.0007           99.2246           1.0001           43.0661           0.9999
        500.0       7817.8696             1.0003          103.9654           1.0000           46.9481           0.9991
        500.0       7817.8696             1.0003          103.9654           1.0000           46.9481           0.9991
        550.0      10256.4092             1.0000          108.6110           1.0000           50.5461           0.9992
        600.0      12867.8535             0.9999          113.1535           1.0000           53.8669           0.9997
        650.0      15638.8184             0.9999          117.5877           1.0000           56.9309           1.0003
        700.0      18557.0645             1.0000          121.9117           1.0000           59.7621           1.0007
        750.0      21611.5371             1.0001          126.1254           1.0000           62.3836           1.0007
        800.0      24792.2715             1.0002          130.2302           1.0000           64.8157           1.0004
        850.0      28090.2344             1.0002          134.2283           1.0000           67.0755           0.9999
        900.0      31497.1914             1.0001          138.1224           1.0000           69.1777           0.9994
        950.0      35005.5859             1.0000          141.9157           1.0000           71.1348           0.9993
     -----------------------------------------------------------------------------------------------------------------




     Least square coefficients
     -------------------------
     A(1)=  0.50338268E+00

     A(2)=  0.48858736E-01

     A(3)=  0.11700074E-04

     A(4)= -0.43703821E-07

     A(5)=  0.19356414E-10

     A6=-0.87982813E+04

     A7= 0.24819305E+02

     Lambdao= 0.23415111E-01

     Lambda1=-0.21436997E-01

     Lambda2=-0.64096935E-02


     -----------------------------------------------------------------------------------------------------------------
     NER= 1
     -----------------------------------------------------------------------------------------------------------------
1
      300. K to      950. K
 0.50338268E+00 0.48858736E-01 0.11700074E-04-0.43703821E-07 0.19356414E-10
-0.87982813E+04 0.24819305E+02
                               0.50338268E+00 0.48858736E-01 0.11700074E-04
-0.43703821E-07 0.19356414E-10-0.87982813E+04 0.24819305E+02
