C9H19O2         N        (N for nonlinear, L for linear)
30 159.249          Number of atoms, molecular weight
-34.7806042495				Enthalpy of formation at the standard state!kcal
0.0318198888889 1    Rotational constat (cm-1), symmetry number
1         Statistical weight
0         Number of internal rotor, Br, sigma, dim, vr 
32.5967
48.3097
88.1845
96.3252
103.8993
120.9378
173.4378
205.6647
226.2084
232.9667
238.3748
256.893
260.5183
284.5641
324.3222
359.4453
385.3087
390.218
441.5083
448.0952
489.32
531.5048
572.4689
746.3899
763.2951
816.425
843.8608
860.1349
915.6191
924.4898
931.1367
942.6573
949.0317
965.8884
1007.443
1040.9932
1059.1511
1093.9466
1134.8794
1153.0061
1187.4935
1190.4265
1211.7718
1252.736
1283.7815
1314.3198
1333.8232
1344.7278
1357.492
1372.3446
1379.1956
1392.124
1398.5139
1404.571
1422.645
1442.4719
1475.7954
1481.4616
1492.614
1493.4252
1497.8584
1503.731
1506.5956
1508.1852
1514.512
2984.1269
2994.248
3012.2269
3017.886
3020.4197
3021.5267
3031.7814
3036.4699
3057.2714
3070.5404
3076.7467
3078.9049
3082.5841
3093.9757
3103.7637
3115.2782
3153.4687
3266.7587
3781.53
