 C9H19O2          Molecular weight =159.249

 Heat of formation at 298K =  -33.520 (kcal/mol)

 B =   0.031 cm?1     Symmetric number =  1

 Internal rotation
 ===================================================
  No      Br       sigma    dim      Vr(kcal/mol)
 ===================================================


 Vibrational Frequencies (cm^-1)
 -------------------------------
         29.
         44.
         59.
         86.
        102.
        134.
        166.
        205.
        220.
        229.
        230.
        243.
        260.
        290.
        338.
        360.
        388.
        413.
        419.
        455.
        521.
        582.
        605.
        798.
        816.
        842.
        860.
        883.
        925.
        930.
        952.
        962.
        968.
        982.
       1022.
       1054.
       1083.
       1115.
       1157.
       1174.
       1177.
       1192.
       1246.
       1249.
       1282.
       1302.
       1335.
       1341.
       1355.
       1373.
       1382.
       1389.
       1393.
       1401.
       1408.
       1420.
       1461.
       1473.
       1483.
       1491.
       1496.
       1500.
       1506.
       1506.
       1515.
       2909.
       3008.
       3011.
       3015.
       3023.
       3028.
       3038.
       3048.
       3061.
       3070.
       3073.
       3081.
       3084.
       3086.
       3092.
       3095.
       3128.
       3230.
       3783.
 -------------------------------


1
   T(K)       Cp(cal/mol/K)   S(cal/mol/K)  [H(T)-H(298K)](kcal/mol)
 -----------------------------------------------------------------
   50.00          0.000          0.000            -9.656
  100.00         27.044         78.966            -8.338
  200.00         42.301        102.663            -4.832
  298.15         56.364        122.136             0.000
  300.00         56.639        122.485             0.105
  350.00         64.091        131.776             3.123
  400.00         71.377        140.813             6.511
  450.00         78.278        149.623            10.254
  500.00         84.688        158.207            14.330
  500.00         84.688        158.207            14.330
  550.00         90.584        166.559            18.714
  600.00         95.990        174.676            23.381
  650.00        100.949        182.558            28.306
  700.00        105.510        190.209            33.469
  750.00        109.715        197.633            38.851
  800.00        113.604        204.840            44.435
  850.00        117.208        211.837            50.207
  900.00        120.553        218.632            56.152
  950.00        123.663        225.234            62.258
 1000.00        126.556        231.652            68.514
 1100.00        131.760        243.964            81.436
 1200.00        136.279        255.627            94.844
 1300.00        140.211        266.694           108.673
 1400.00        143.638        277.213           122.869
 1500.00        146.633        287.227           137.386
 1600.00        149.255        296.776           152.183
 1700.00        151.558        305.895           167.226
 1800.00        153.587        314.617           182.486
 1900.00        155.379        322.970           197.936
 2000.00        156.968        330.981           213.555
 2100.00        158.381        338.674           229.323
 2200.00        159.641        346.072           245.226
 2300.00        160.769        353.194           261.247
 2400.00        161.781        360.058           277.376
 2500.00        162.693        366.681           293.600
 2600.00        163.516        373.078           309.911
 2700.00        164.261        379.263           326.301
 2800.00        164.937        385.249           342.761
 2900.00        165.553        391.048           359.286
 3000.00        166.114        396.670           375.870
 -----------------------------------------------------------------
1
 High temperature

     Input value
     ------------


 No.Points =   20    Gas constant=      1.9871     Enthalpy of formation=   -33.5199



 Cpo at To=       126.556     H-H298 at To=     68514.414     Sto at To=       231.652






     TEMP.          H-H298          Pred/Correct          Sto          Pred/Correct          Cpo          Pred/Correct
     -----          ------          ------------          ---          ------------          ---          ------------

       1100.0      81436.3516             0.9998          243.9638           0.9999          131.7595           0.9981
       1200.0      94843.5469             0.9995          255.6267           0.9998          136.2788           0.9976
       1300.0     108672.5625             0.9993          266.6938           0.9998          140.2109           0.9979
       1400.0     122868.9297             0.9992          277.2128           0.9997          143.6385           0.9987
       1500.0     137385.8281             0.9992          287.2273           0.9997          146.6328           0.9996
       1600.0     152183.0938             0.9993          296.7763           0.9997          149.2551           1.0005
       1700.0     167226.2031             0.9994          305.8954           0.9997          151.5580           1.0012
       1800.0     182485.5625             0.9996          314.6169           0.9998          153.5866           1.0016
       1900.0     197935.6563             0.9997          322.9699           0.9998          155.3790           1.0018
       2000.0     213554.5781             0.9999          330.9810           0.9999          156.9678           1.0017
       2100.0     229323.3750             1.0000          338.6743           0.9999          158.3807           1.0013
       2200.0     245225.6406             1.0001          346.0718           0.9999          159.6411           1.0008
       2300.0     261247.1563             1.0001          353.1935           0.9999          160.7689           1.0002
       2400.0     277375.5625             1.0001          360.0575           0.9999          161.7813           0.9996
       2500.0     293600.0625             1.0000          366.6806           0.9999          162.6927           0.9991
       2600.0     309911.1563             1.0000          373.0778           0.9999          163.5156           0.9987
       2700.0     326300.5938             0.9999          379.2631           0.9999          164.2607           0.9987
       2800.0     342761.0000             0.9999          385.2493           0.9999          164.9370           0.9991
       2900.0     359285.9688             0.9998          391.0481           0.9999          165.5526           1.0001
       3000.0     375869.7500             0.9999          396.6702           0.9999          166.1142           1.0018
     -----------------------------------------------------------------------------------------------------------------




     Least square coefficients
     -------------------------
     A(1)=  0.20983484E+02

     A(2)=  0.62065221E-01

     A(3)= -0.22304954E-04

     A(4)=  0.29836689E-08

     A(5)= -0.40081101E-13

     A6=-0.27708635E+05

     A7=-0.80271118E+02

     Lambdao= 0.48568937E+00

     Lambda1= 0.16066539E+00

     Lambda2= 0.49022028E+00


     -----------------------------------------------------------------------------------------------------------------
     NER= 1
     -----------------------------------------------------------------------------------------------------------------
1
     1100. K to     3000. K
 0.20983484E+02 0.62065221E-01-0.22304954E-04 0.29836689E-08-0.40081101E-13
-0.27708635E+05-0.80271118E+02
                               0.20983484E+02 0.62065221E-01-0.22304954E-04
 0.29836689E-08-0.40081101E-13-0.27708635E+05-0.80271118E+02



 Low temperature


     Input value
     ------------


 No.Points =   15    Gas constant=      1.9871     Enthalpy of formation=   -33.5199



 Cpo at To=       126.556     H-H298 at To=     68514.414     Sto at To=       231.652






     TEMP.          H-H298          Pred/Correct          Sto          Pred/Correct          Cpo          Pred/Correct
     -----          ------          ------------          ---          ------------          ---          ------------

        300.0        104.5277             0.9682          122.4854           0.9999           56.6390           0.9982
        350.0       3122.8760             0.9996          131.7763           0.9999           64.0911           1.0019
        400.0       6510.8154             1.0007          140.8134           1.0000           71.3770           1.0012
        450.0      10254.1045             1.0006          149.6233           1.0001           78.2784           0.9999
        500.0      14330.4189             1.0003          158.2070           1.0000           84.6885           0.9992
        500.0      14330.4189             1.0003          158.2070           1.0000           84.6885           0.9992
        550.0      18714.3555             1.0000          166.5592           1.0000           90.5844           0.9993
        600.0      23380.6758             0.9999          174.6763           1.0000           95.9901           0.9998
        650.0      28305.9258             1.0000          182.5582           1.0000          100.9494           1.0004
        700.0      33468.9727             1.0001          190.2086           1.0000          105.5098           1.0007
        750.0      38851.0000             1.0001          197.6334           1.0000          109.7154           1.0006
        800.0      44435.2344             1.0002          204.8400           1.0000          113.6041           1.0003
        850.0      50206.6641             1.0002          211.8367           1.0000          117.2078           0.9998
        900.0      56151.7188             1.0001          218.6320           1.0000          120.5533           0.9994
        950.0      62258.0664             1.0000          225.2343           1.0000          123.6630           0.9993
     -----------------------------------------------------------------------------------------------------------------




     Least square coefficients
     -------------------------
     A(1)=  0.18658209E+01

     A(2)=  0.94681986E-01

     A(3)= -0.67760302E-05

     A(4)= -0.52757294E-07

     A(5)=  0.26672858E-10

     A6=-0.21483002E+05

     A7= 0.23309872E+02

     Lambdao= 0.44916637E-01

     Lambda1=-0.44059277E-01

     Lambda2=-0.12624156E-01


     -----------------------------------------------------------------------------------------------------------------
     NER= 1
     -----------------------------------------------------------------------------------------------------------------
1
      300. K to      950. K
 0.18658209E+01 0.94681986E-01-0.67760302E-05-0.52757294E-07 0.26672858E-10
-0.21483002E+05 0.23309872E+02
                               0.18658209E+01 0.94681986E-01-0.67760302E-05
-0.52757294E-07 0.26672858E-10-0.21483002E+05 0.23309872E+02
