C9H19O2         N        (N for nonlinear, L for linear)
30 159.249          Number of atoms, molecular weight
-33.5199366595				Enthalpy of formation at the standard state!kcal
0.0313296666667 1    Rotational constat (cm-1), symmetry number
1         Statistical weight
0         Number of internal rotor, Br, sigma, dim, vr 
28.5473
44.1053
59.2592
85.7308
102.0792
133.676
166.4921
205.3552
219.6448
229.1044
229.6991
243.4778
259.7152
289.7415
337.7206
360.1406
387.6869
412.5853
418.595
455.2577
520.9167
581.7079
604.6449
798.3643
815.5725
841.5358
860.484
882.715
925.0608
929.8525
951.7178
962.0047
967.9266
982.1684
1021.8165
1054.2179
1082.8199
1114.5133
1156.5863
1173.5957
1177.3149
1192.3576
1245.9579
1249.1777
1282.4192
1301.9254
1335.3462
1341.177
1355.4468
1372.961
1381.8225
1389.2182
1393.2349
1401.0974
1408.2457
1419.9715
1461.3952
1472.545
1482.6065
1491.1825
1496.385
1499.5925
1506.0142
1506.2785
1514.9751
2908.5872
3007.875
3010.8665
3014.8156
3023.4512
3028.425
3038.1831
3047.7183
3060.7782
3070.1586
3073.0154
3080.8313
3084.3275
3086.3557
3091.85
3094.7818
3128.4436
3229.6671
3783.455
