C9H19O2         N        (N for nonlinear, L for linear)
30 159.249          Number of atoms, molecular weight
-33.7326625495				Enthalpy of formation at the standard state!kcal
0.028957 1    Rotational constat (cm-1), symmetry number
1         Statistical weight
0         Number of internal rotor, Br, sigma, dim, vr 
22.4185
29.6478
52.5617
74.2471
123.8535
145.6378
207.2596
212.4317
221.4037
233.4819
242.9457
262.1806
269.607
286.9659
305.4622
331.0089
369.7809
405.7206
427.0183
461.2483
483.9349
500.6207
570.3571
784.577
843.411
852.7307
923.3631
926.178
933.1388
936.6804
946.4111
958.612
966.0045
1020.2002
1039.5421
1090.9065
1116.7102
1128.7479
1144.8959
1164.2755
1188.5888
1194.1101
1229.8688
1259.2141
1309.1563
1326.0125
1335.8609
1352.6441
1363.5402
1366.2633
1388.7109
1394.04
1400.1371
1410.5378
1422.3152
1425.3659
1456.6748
1488.6408
1490.5013
1491.0542
1498.6929
1503.1924
1505.857
1510.4378
1524.2506
2922.1695
2959.1378
2998.9277
3013.6595
3019.4118
3021.3711
3025.3784
3038.0202
3046.8566
3075.8668
3080.8017
3082.3376
3087.1793
3087.5278
3090.1992
3093.2301
3095.354
3167.5728
3774.162
