C9H18         N        (N for nonlinear, L for linear)
27 126.242          Number of atoms, molecular weight
-32.5974969595				Enthalpy of formation at the standard state!kcal
0.0531546666667 1    Rotational constat (cm-1), symmetry number
1         Statistical weight
0         Number of internal rotor, Br, sigma, dim, vr 
35.434
58.236
85.1789
112.6065
193.5911
222.6442
224.9071
247.0137
253.7969
271.6692
287.0518
363.5224
381.6978
428.955
452.7244
469.2711
543.4521
792.8953
833.5416
862.7766
902.2368
930.8947
932.4787
944.8859
956.0217
962.4538
965.5228
1005.8359
1053.3871
1107.923
1115.0731
1132.7444
1184.5421
1189.0079
1199.1407
1245.8475
1290.0693
1314.3946
1327.5534
1341.38
1366.4949
1367.3983
1388.4214
1397.2209
1403.0056
1417.2703
1422.3754
1478.6073
1489.4631
1490.3774
1490.8286
1496.5831
1502.2083
1506.188
1510.8208
1512.0329
1727.929
2988.6703
2991.2644
3010.6175
3013.1572
3014.5602
3018.4387
3019.2507
3034.757
3071.7689
3073.5548
3078.3876
3080.2285
3083.9063
3090.5014
3091.4681
3093.8334
3096.9135
3098.8064
