C9H18O         N        (N for nonlinear, L for linear)
28 159.249          Number of atoms, molecular weight
-79.4244894446				Enthalpy of formation at the standard state!kcal
0.0499465555556 1    Rotational constat (cm-1), symmetry number
1         Statistical weight
0         Number of internal rotor, Br, sigma, dim, vr 
40.8505
44.4454
99.9206
112.0162
187.7176
224.8626
233.9014
253.7337
263.4671
298.4198
332.3699
416.768
423.2371
444.5733
485.2542
563.3242
670.3029
802.9375
835.5197
862.3273
881.0599
923.459
934.6219
949.764
960.8739
965.0
969.8078
1006.011
1056.4323
1063.7242
1104.7212
1123.3385
1144.9275
1166.0478
1183.6839
1194.6659
1200.1997
1255.351
1268.8043
1276.9697
1313.9606
1337.5931
1356.1327
1362.0669
1375.0361
1376.8084
1401.9046
1406.0599
1409.6265
1417.5362
1427.0788
1466.0422
1490.2644
1490.6534
1495.86
1498.8381
1503.0739
1506.0742
1514.7292
1529.9986
2958.3461
2975.8371
2983.4937
2997.9083
3007.7833
3012.8105
3018.0816
3019.3504
3022.9702
3037.9798
3053.4908
3068.9168
3075.6829
3079.9683
3082.5527
3085.3953
3088.5209
3127.9091
