 C9H19O2          Molecular weight =159.249

 Heat of formation at 298K =  -27.819 (kcal/mol)

 B =   0.030 cm?1     Symmetric number =  1

 Internal rotation
 ===================================================
  No      Br       sigma    dim      Vr(kcal/mol)
 ===================================================


 Vibrational Frequencies (cm^-1)
 -------------------------------
         32.
         36.
         71.
         93.
        109.
        120.
        164.
        186.
        199.
        218.
        228.
        241.
        255.
        259.
        352.
        365.
        411.
        441.
        451.
        494.
        552.
        622.
        746.
        781.
        817.
        843.
        868.
        929.
        938.
        943.
        964.
        970.
        988.
       1026.
       1034.
       1053.
       1096.
       1134.
       1143.
       1158.
       1190.
       1220.
       1258.
       1284.
       1304.
       1318.
       1334.
       1344.
       1357.
       1365.
       1373.
       1382.
       1393.
       1398.
       1403.
       1422.
       1453.
       1465.
       1482.
       1488.
       1492.
       1497.
       1506.
       1507.
       1514.
       2962.
       2984.
       2989.
       2997.
       3013.
       3018.
       3019.
       3026.
       3031.
       3068.
       3072.
       3077.
       3078.
       3083.
       3086.
       3093.
       3138.
       3245.
       3774.
 -------------------------------


1
   T(K)       Cp(cal/mol/K)   S(cal/mol/K)  [H(T)-H(298K)](kcal/mol)
 -----------------------------------------------------------------
   50.00          0.000          0.000            -9.561
  100.00         27.250         79.112            -8.235
  200.00         41.661        102.660            -4.756
  298.15         55.515        121.823             0.000
  300.00         55.790        122.167             0.103
  350.00         63.259        131.328             3.079
  400.00         70.595        140.257             6.427
  450.00         77.561        148.978            10.132
  500.00         84.040        157.490            14.175
  500.00         84.040        157.490            14.175
  550.00         90.003        165.784            18.528
  600.00         95.471        173.853            23.167
  650.00        100.488        181.696            28.067
  700.00        105.100        189.314            33.209
  750.00        109.352        196.712            38.571
  800.00        113.281        203.896            44.138
  850.00        116.921        210.874            49.895
  900.00        120.298        217.654            55.826
  950.00        123.436        224.244            61.921
 1000.00        126.354        230.650            68.166
 1100.00        131.597        242.945            81.070
 1200.00        136.148        254.595            94.462
 1300.00        140.104        265.653           108.280
 1400.00        143.551        276.164           122.466
 1500.00        146.560        286.173           136.975
 1600.00        149.194        295.718           151.766
 1700.00        151.507        304.834           166.803
 1800.00        153.543        313.552           182.058
 1900.00        155.341        321.903           197.504
 2000.00        156.935        329.913           213.119
 2100.00        158.352        337.604           228.885
 2200.00        159.616        345.001           244.785
 2300.00        160.747        352.121           260.804
 2400.00        161.762        358.985           276.930
 2500.00        162.676        365.607           293.153
 2600.00        163.500        372.003           309.463
 2700.00        164.247        378.188           325.850
 2800.00        164.925        384.174           342.310
 2900.00        165.541        389.972           358.833
 3000.00        166.104        395.594           375.416
 -----------------------------------------------------------------
1
 High temperature

     Input value
     ------------


 No.Points =   20    Gas constant=      1.9871     Enthalpy of formation=   -27.8190



 Cpo at To=       126.354     H-H298 at To=     68166.117     Sto at To=       230.650






     TEMP.          H-H298          Pred/Correct          Sto          Pred/Correct          Cpo          Pred/Correct
     -----          ------          ------------          ---          ------------          ---          ------------

       1100.0      81069.8984             0.9998          242.9448           0.9999          131.5973           0.9982
       1200.0      94462.4922             0.9996          254.5950           0.9999          136.1478           0.9978
       1300.0     108279.6797             0.9994          265.6525           0.9998          140.1042           0.9981
       1400.0     122466.3516             0.9993          276.1644           0.9997          143.5507           0.9989
       1500.0     136975.2500             0.9993          286.1733           0.9997          146.5599           0.9997
       1600.0     151765.8438             0.9993          295.7180           0.9997          149.1941           1.0004
       1700.0     166803.3594             0.9995          304.8337           0.9998          151.5066           1.0010
       1800.0     182057.9531             0.9996          313.5525           0.9998          153.5428           1.0014
       1900.0     197504.0000             0.9998          321.9033           0.9998          155.3414           1.0016
       2000.0     213119.4375             0.9999          329.9126           0.9999          156.9353           1.0015
       2100.0     228885.1875             1.0000          337.6045           0.9999          158.3524           1.0012
       2200.0     244784.8125             1.0001          345.0007           0.9999          159.6163           1.0007
       2300.0     260804.0313             1.0001          352.1214           0.9999          160.7471           1.0002
       2400.0     276930.3750             1.0001          358.9845           0.9999          161.7620           0.9996
       2500.0     293153.0313             1.0000          365.6068           0.9999          162.6755           0.9992
       2600.0     309462.5000             1.0000          372.0034           0.9999          163.5002           0.9989
       2700.0     325850.5000             0.9999          378.1882           0.9999          164.2468           0.9989
       2800.0     342309.5938             0.9999          384.1739           0.9999          164.9245           0.9993
       2900.0     358833.3438             0.9999          389.9723           0.9999          165.5412           1.0001
       3000.0     375416.0313             0.9999          395.5940           0.9999          166.1039           1.0015
     -----------------------------------------------------------------------------------------------------------------




     Least square coefficients
     -------------------------
     A(1)=  0.19109917E+02

     A(2)=  0.66036738E-01

     A(3)= -0.25447314E-04

     A(4)=  0.40600603E-08

     A(5)= -0.17404132E-12

     A6=-0.24322043E+05

     A7=-0.70558685E+02

     Lambdao= 0.44238606E+00

     Lambda1= 0.14565839E+00

     Lambda2= 0.44486317E+00


     -----------------------------------------------------------------------------------------------------------------
     NER= 1
     -----------------------------------------------------------------------------------------------------------------
1
     1100. K to     3000. K
 0.19109917E+02 0.66036738E-01-0.25447314E-04 0.40600603E-08-0.17404132E-12
-0.24322043E+05-0.70558685E+02
                               0.19109917E+02 0.66036738E-01-0.25447314E-04
 0.40600603E-08-0.17404132E-12-0.24322043E+05-0.70558685E+02



 Low temperature


     Input value
     ------------


 No.Points =   15    Gas constant=      1.9871     Enthalpy of formation=   -27.8190



 Cpo at To=       126.354     H-H298 at To=     68166.117     Sto at To=       230.650






     TEMP.          H-H298          Pred/Correct          Sto          Pred/Correct          Cpo          Pred/Correct
     -----          ------          ------------          ---          ------------          ---          ------------

        300.0        102.9577             0.9577          122.1671           0.9999           55.7900           0.9979
        350.0       3079.0996             0.9993          131.3278           0.9999           63.2594           1.0021
        400.0       6426.6167             1.0007          140.2569           1.0000           70.5955           1.0014
        450.0      10132.4053             1.0007          148.9784           1.0001           77.5613           1.0000
        500.0      14174.5791             1.0003          157.4901           1.0000           84.0399           0.9992
        500.0      14174.5791             1.0003          157.4901           1.0000           84.0399           0.9992
        550.0      18527.7754             1.0001          165.7837           1.0000           90.0028           0.9992
        600.0      23166.6055             0.9999          173.8529           1.0000           95.4713           0.9997
        650.0      28067.3750             0.9999          181.6956           1.0000          100.4880           1.0002
        700.0      33208.6641             1.0000          189.3137           1.0000          105.1001           1.0006
        750.0      38571.3750             1.0001          196.7118           1.0000          109.3517           1.0006
        800.0      44138.4688             1.0002          203.8963           1.0000          113.2812           1.0004
        850.0      49894.6719             1.0002          210.8745           1.0000          116.9210           0.9999
        900.0      55826.2031             1.0001          217.6543           1.0000          120.2983           0.9995
        950.0      61920.5039             1.0000          224.2436           1.0000          123.4359           0.9994
     -----------------------------------------------------------------------------------------------------------------




     Least square coefficients
     -------------------------
     A(1)=  0.13469527E+01

     A(2)=  0.94696105E-01

     A(3)= -0.57368752E-05

     A(4)= -0.53319493E-07

     A(5)=  0.26598668E-10

     A6=-0.18468566E+05

     A7= 0.26062241E+02

     Lambdao= 0.35894915E-01

     Lambda1=-0.31702176E-01

     Lambda2=-0.99293273E-02


     -----------------------------------------------------------------------------------------------------------------
     NER= 1
     -----------------------------------------------------------------------------------------------------------------
1
      300. K to      950. K
 0.13469527E+01 0.94696105E-01-0.57368752E-05-0.53319493E-07 0.26598668E-10
-0.18468566E+05 0.26062241E+02
                               0.13469527E+01 0.94696105E-01-0.57368752E-05
-0.53319493E-07 0.26598668E-10-0.18468566E+05 0.26062241E+02
