 C9H19O2          Molecular weight =159.249

 Heat of formation at 298K =  -38.610 (kcal/mol)

 B =   0.032 cm?1     Symmetric number =  1

 Internal rotation
 ===================================================
  No      Br       sigma    dim      Vr(kcal/mol)
 ===================================================


 Vibrational Frequencies (cm^-1)
 -------------------------------
         24.
         42.
         54.
        108.
        131.
        171.
        197.
        207.
        220.
        222.
        226.
        254.
        261.
        286.
        316.
        353.
        367.
        393.
        428.
        456.
        485.
        549.
        578.
        731.
        790.
        826.
        846.
        916.
        921.
        927.
        935.
        945.
        962.
        977.
       1012.
       1021.
       1084.
       1122.
       1145.
       1160.
       1189.
       1204.
       1237.
       1254.
       1278.
       1323.
       1340.
       1356.
       1371.
       1379.
       1387.
       1401.
       1405.
       1418.
       1421.
       1473.
       1477.
       1488.
       1490.
       1492.
       1494.
       1501.
       1506.
       1513.
       1513.
       2973.
       2987.
       3002.
       3012.
       3019.
       3033.
       3038.
       3056.
       3070.
       3071.
       3078.
       3085.
       3091.
       3099.
       3107.
       3117.
       3120.
       3152.
       3779.
 -------------------------------


1
   T(K)       Cp(cal/mol/K)   S(cal/mol/K)  [H(T)-H(298K)](kcal/mol)
 -----------------------------------------------------------------
   50.00          0.000          0.000            -9.644
  100.00         26.567         78.312            -8.377
  200.00         42.614        101.980            -4.871
  298.15         56.767        121.607             0.000
  300.00         57.041        121.959             0.105
  350.00         64.441        131.308             3.143
  400.00         71.661        140.388             6.546
  450.00         78.497        149.228            10.302
  500.00         84.852        157.831            14.388
  500.00         84.852        157.831            14.388
  550.00         90.702        166.197            18.779
  600.00         96.071        174.323            23.450
  650.00        101.003        182.210            28.379
  700.00        105.542        189.863            33.544
  750.00        109.731        197.290            38.927
  800.00        113.607        204.497            44.512
  850.00        117.202        211.494            50.283
  900.00        120.540        218.288            56.228
  950.00        123.645        224.890            62.333
 1000.00        126.535        231.306            68.589
 1100.00        131.734        243.616            81.508
 1200.00        136.251        255.277            94.913
 1300.00        140.183        266.341           108.739
 1400.00        143.612        276.858           122.932
 1500.00        146.607        286.871           137.447
 1600.00        149.231        296.418           152.242
 1700.00        151.535        305.536           167.282
 1800.00        153.565        314.256           182.539
 1900.00        155.359        322.608           197.988
 2000.00        156.949        330.618           213.605
 2100.00        158.363        338.311           229.372
 2200.00        159.625        345.708           245.272
 2300.00        160.754        352.829           261.292
 2400.00        161.767        359.692           277.419
 2500.00        162.680        366.314           293.642
 2600.00        163.503        372.711           309.952
 2700.00        164.249        378.896           326.340
 2800.00        164.926        384.882           342.800
 2900.00        165.542        390.680           359.324
 3000.00        166.105        396.302           375.906
 -----------------------------------------------------------------
1
 High temperature

     Input value
     ------------


 No.Points =   20    Gas constant=      1.9871     Enthalpy of formation=   -38.6097



 Cpo at To=       126.535     H-H298 at To=     68588.539     Sto at To=       231.306






     TEMP.          H-H298          Pred/Correct          Sto          Pred/Correct          Cpo          Pred/Correct
     -----          ------          ------------          ---          ------------          ---          ------------

       1100.0      81508.0703             0.9998          243.6159           0.9999          131.7336           0.9982
       1200.0      94912.5859             0.9996          255.2765           0.9999          136.2514           0.9978
       1300.0     108738.8438             0.9993          266.3413           0.9998          140.1834           0.9981
       1400.0     122932.4922             0.9992          276.8584           0.9997          143.6117           0.9988
       1500.0     137446.7813             0.9992          286.8710           0.9997          146.6072           0.9997
       1600.0     152241.5469             0.9993          296.4184           0.9997          149.2309           1.0004
       1700.0     167282.3281             0.9995          305.5361           0.9997          151.5354           1.0011
       1800.0     182539.4844             0.9996          314.2563           0.9998          153.5654           1.0015
       1900.0     197987.5313             0.9998          322.6082           0.9998          155.3592           1.0016
       2000.0     213604.5469             0.9999          330.6184           0.9999          156.9494           1.0015
       2100.0     229371.5625             1.0000          338.3109           0.9999          158.3635           1.0012
       2200.0     245272.1719             1.0001          345.7076           0.9999          159.6250           1.0007
       2300.0     261292.1406             1.0001          352.8286           0.9999          160.7539           1.0002
       2400.0     277419.0938             1.0001          359.6920           0.9999          161.7673           0.9996
       2500.0     293642.2500             1.0000          366.3145           0.9999          162.6796           0.9991
       2600.0     309952.0938             1.0000          372.7112           0.9999          163.5033           0.9988
       2700.0     326340.2813             0.9999          378.8961           0.9999          164.2491           0.9988
       2800.0     342799.5938             0.9999          384.8819           0.9999          164.9262           0.9992
       2900.0     359323.5313             0.9999          390.6802           0.9999          165.5424           1.0001
       3000.0     375906.2813             0.9999          396.3020           0.9999          166.1046           1.0017
     -----------------------------------------------------------------------------------------------------------------




     Least square coefficients
     -------------------------
     A(1)=  0.20239115E+02

     A(2)=  0.63852310E-01

     A(3)= -0.23843708E-04

     A(4)=  0.35407464E-08

     A(5)= -0.11203571E-12

     A6=-0.29993771E+05

     A7=-0.76488556E+02

     Lambdao= 0.45218188E+00

     Lambda1= 0.14939645E+00

     Lambda2= 0.45563328E+00


     -----------------------------------------------------------------------------------------------------------------
     NER= 1
     -----------------------------------------------------------------------------------------------------------------
1
     1100. K to     3000. K
 0.20239115E+02 0.63852310E-01-0.23843708E-04 0.35407464E-08-0.11203571E-12
-0.29993771E+05-0.76488556E+02
                               0.20239115E+02 0.63852310E-01-0.23843708E-04
 0.35407464E-08-0.11203571E-12-0.29993771E+05-0.76488556E+02



 Low temperature


     Input value
     ------------


 No.Points =   15    Gas constant=      1.9871     Enthalpy of formation=   -38.6097



 Cpo at To=       126.535     H-H298 at To=     68588.539     Sto at To=       231.306






     TEMP.          H-H298          Pred/Correct          Sto          Pred/Correct          Cpo          Pred/Correct
     -----          ------          ------------          ---          ------------          ---          ------------

        300.0        105.2734             0.9778          121.9592           0.9999           57.0412           0.9990
        350.0       3142.5439             1.0001          131.3085           1.0000           64.4412           1.0017
        400.0       6546.3389             1.0008          140.3880           1.0001           71.6605           1.0008
        450.0      10302.1602             1.0006          149.2276           1.0001           78.4973           0.9997
        500.0      14387.9814             1.0002          157.8314           1.0000           84.8515           0.9992
        500.0      14387.9814             1.0002          157.8314           1.0000           84.8515           0.9992
        550.0      18778.8906             1.0000          166.1969           1.0000           90.7018           0.9994
        600.0      23450.1426             0.9999          174.3226           1.0000           96.0715           0.9999
        650.0      28378.7266             1.0000          182.2099           1.0000          101.0027           1.0005
        700.0      33543.8750             1.0001          189.8634           1.0000          105.5416           1.0008
        750.0      38927.0586             1.0002          197.2897           1.0000          109.7307           1.0007
        800.0      44511.7383             1.0002          204.4969           1.0001          113.6071           1.0003
        850.0      50283.0703             1.0002          211.4935           1.0001          117.2016           0.9998
        900.0      56227.6328             1.0001          218.2883           1.0000          120.5402           0.9993
        950.0      62333.1992             1.0000          224.8897           1.0000          123.6449           0.9993
     -----------------------------------------------------------------------------------------------------------------




     Least square coefficients
     -------------------------
     A(1)=  0.28840351E+01

     A(2)=  0.89972571E-01

     A(3)=  0.23200587E-05

     A(4)= -0.61076577E-07

     A(5)=  0.29576341E-10

     A6=-0.24203422E+05

     A7= 0.18310965E+02

     Lambdao= 0.52596688E-01

     Lambda1=-0.55047095E-01

     Lambda2=-0.15099037E-01


     -----------------------------------------------------------------------------------------------------------------
     NER= 1
     -----------------------------------------------------------------------------------------------------------------
1
      300. K to      950. K
 0.28840351E+01 0.89972571E-01 0.23200587E-05-0.61076577E-07 0.29576341E-10
-0.24203422E+05 0.18310965E+02
                               0.28840351E+01 0.89972571E-01 0.23200587E-05
-0.61076577E-07 0.29576341E-10-0.24203422E+05 0.18310965E+02
