C9H19O2         N        (N for nonlinear, L for linear)
30 159.249          Number of atoms, molecular weight
-38.6096702695				Enthalpy of formation at the standard state!kcal
0.032016 1    Rotational constat (cm-1), symmetry number
1         Statistical weight
0         Number of internal rotor, Br, sigma, dim, vr 
23.8067
41.5442
53.798
107.5325
131.1584
171.3999
197.0016
206.7518
219.9015
221.7726
226.071
253.777
261.3646
285.7644
316.3299
352.5426
366.7158
393.405
428.0271
455.7618
485.0198
549.4886
577.5119
731.4966
790.1415
826.1869
845.9797
915.9201
921.3881
926.796
935.2219
944.5064
961.8339
977.26
1011.6218
1020.8183
1083.8011
1122.4614
1145.0139
1159.5422
1188.6354
1204.1724
1237.2448
1254.4907
1277.5795
1322.6169
1339.6099
1355.6334
1370.7597
1378.7662
1387.2104
1401.2585
1404.6899
1418.0847
1421.2479
1472.5343
1476.7363
1488.2228
1489.7303
1491.8478
1494.0132
1500.7346
1506.1463
1513.0708
1513.359
2973.1006
2987.0489
3001.5707
3012.4153
3018.5044
3033.31
3037.6624
3055.6986
3069.9105
3070.7158
3078.365
3084.9003
3091.2912
3099.3585
3106.6905
3117.1171
3119.8356
3151.9216
3779.0877
