C9H19         N        (N for nonlinear, L for linear)
28 127.25          Number of atoms, molecular weight
-13.7012883295				Enthalpy of formation at the standard state!kcal
0.0507654444444 1    Rotational constat (cm-1), symmetry number
1         Statistical weight
0         Number of internal rotor, Br, sigma, dim, vr 
20.7474
42.3163
70.5424
84.8109
97.665
115.8664
129.344
183.7466
224.6742
247.4334
262.7259
329.1188
371.3565
384.6703
418.9582
438.6651
485.1828
739.8154
771.0331
820.075
845.3555
928.8003
943.4676
945.418
963.4384
974.3225
979.8873
1002.9509
1009.7447
1035.9517
1048.794
1090.7076
1138.7122
1189.8602
1211.3525
1255.912
1276.872
1292.1522
1323.1498
1333.1774
1349.1507
1360.8012
1371.5879
1390.0311
1398.3354
1402.5018
1415.2689
1421.8884
1471.7729
1476.6467
1478.4564
1480.5171
1489.6669
1491.3693
1495.4889
1497.4043
1505.5627
1506.8173
1513.2911
2918.9258
2924.0819
2977.019
2984.7696
2992.7243
3011.9768
3012.7259
3017.0869
3018.2851
3022.4761
3022.8502
3025.1601
3060.4384
3069.9653
3071.1146
3072.428
3077.9347
3082.7045
3092.8393
