C9H18         N        (N for nonlinear, L for linear)
27 126.242          Number of atoms, molecular weight
-31.2803534695				Enthalpy of formation at the standard state!kcal
0.0564225555556 1    Rotational constat (cm-1), symmetry number
1         Statistical weight
0         Number of internal rotor, Br, sigma, dim, vr 
39.5138
58.7569
96.1224
116.4949
138.2516
181.6463
226.2556
238.7329
247.5236
264.9588
377.1476
395.7628
438.4774
442.6273
466.5833
527.9793
688.6954
754.3771
805.4879
850.1148
864.1297
918.5777
931.7184
949.865
963.8372
966.6068
1006.2288
1011.638
1053.4314
1059.7189
1066.9655
1144.8999
1150.1526
1192.4329
1226.2853
1239.6975
1286.6961
1309.0573
1333.6339
1344.3246
1371.516
1387.4576
1402.4407
1407.4127
1413.9445
1423.6723
1447.0486
1472.9444
1482.4671
1482.6676
1492.4911
1496.9775
1498.9534
1506.9781
1509.4093
1514.611
1714.0209
2981.7438
2984.9934
2992.7035
2998.9881
3010.1249
3013.0081
3016.6716
3018.9478
3023.107
3051.9597
3062.945
3072.0882
3078.5437
3083.8772
3094.5415
3102.6892
3136.6634
3216.0235
