C9H19O2         N        (N for nonlinear, L for linear)
30 159.249          Number of atoms, molecular weight
-35.8153682395				Enthalpy of formation at the standard state!kcal
0.0304334444444 1    Rotational constat (cm-1), symmetry number
1         Statistical weight
0         Number of internal rotor, Br, sigma, dim, vr 
24.1736
34.6278
36.2295
79.3986
98.3452
145.1186
195.5407
215.7995
228.1806
229.6461
231.3681
246.6401
261.1714
277.7756
305.4099
335.9078
372.3212
410.9465
420.1043
454.6476
483.6881
593.0465
658.82
794.9135
808.2291
844.8455
878.9637
927.0625
928.1895
929.2742
940.7598
957.4452
965.3947
968.9771
1046.1794
1082.125
1094.9873
1121.576
1161.0922
1176.7828
1185.4966
1194.0954
1244.3362
1275.2234
1313.3359
1331.2594
1337.2412
1351.471
1354.7703
1379.2237
1389.7225
1395.1446
1401.0477
1411.223
1419.3719
1430.4903
1473.8029
1486.2301
1490.2014
1491.099
1496.5763
1503.3771
1504.5805
1508.967
1512.6071
2990.6823
3008.0555
3008.7762
3010.8989
3015.3025
3015.9185
3019.6388
3037.5058
3066.1994
3070.4139
3078.2845
3080.8916
3083.2289
3084.2104
3086.6495
3088.9434
3091.6934
3143.9357
3767.1189
