C9H18O         N        (N for nonlinear, L for linear)
28 159.249          Number of atoms, molecular weight
-70.5427129045				Enthalpy of formation at the standard state!kcal
0.046324 1    Rotational constat (cm-1), symmetry number
1         Statistical weight
0         Number of internal rotor, Br, sigma, dim, vr 
39.5138
49.5852
81.5891
161.7169
203.3534
220.4668
233.1139
255.6057
267.1398
268.1912
332.9622
362.0349
397.7706
403.3349
432.2789
457.8215
494.1375
657.268
798.2294
820.1745
858.2335
874.7695
910.2377
916.3655
930.4343
950.8542
966.5673
967.1366
987.0944
997.7456
1015.8757
1053.7893
1098.8425
1137.9609
1177.7056
1190.4757
1196.6136
1236.0785
1256.4087
1277.8921
1285.7863
1290.6832
1333.4135
1367.8829
1374.238
1400.7006
1403.3362
1407.1501
1414.4027
1423.4238
1475.6957
1479.4169
1483.9176
1489.5083
1492.0648
1496.7329
1497.3242
1505.9079
1507.3194
1512.1532
2979.1235
2988.5602
3007.1282
3014.2671
3020.1726
3020.6957
3026.9032
3046.6056
3059.2093
3072.8793
3079.817
3085.1103
3085.1583
3091.2211
3093.0404
3097.7629
3103.6774
3112.1039
